0.296995 	0.742613 	-0.400425 	0 	0 	0 	0 	0 	0 	0.174852 	550.089 	0.617396 	199.823 	-0.0626889 	0.787531 	506.497 	382.541 	27.0186 	506.566 	320.184 	28.3932 	509.34          528.868 	28.8958 	749.86          -0.202526 	0.0776397 	746.216 	456.825 	29.4089 	841.605 	407.397 	27.2956 	849.84          255.768 	30.3054 	853.598 	522.566 	32.8036 	852.089 	459.019 	35.1239 	
0.257433 	0.773569 	-0.360742 	0 	0 	0 	0 	0 	0 	0.148534 	550.106 	0.605375 	199.799 	-0.0201514 	0.716951 	506.52          382.441 	26.895          506.695 	320.167 	28.1964 	509.361 	528.937 	28.9809 	749.866 	-0.224203 	0.0627478 	746.226 	456.856 	29.412          841.933 	405.173 	24.864          849.922 	255.954 	30.2347 	853.611 	522.584 	32.8192 	854.156 	456.914 	31.3984 	
0.238039 	0.737023 	-0.436819 	0 	0 	0 	0 	0 	0 	0.156633 	550.114 	0.600475 	199.822 	-0.0519126 	0.742981 	506.707 	382.426 	26.7315 	506.6           320.155 	28.2007 	509.273 	528.961 	29.0369 	749.97          -0.22618 	0.01955 	746.225 	456.853 	29.4024 	841.94          405.092 	24.9297 	849.838 	255.685 	30.2755 	853.609 	522.564 	32.8118 	854.04          456.705 	31.5562 	
0.222973 	0.735139 	-0.450207 	0 	0 	0 	0 	0 	0 	0.17996 	550.116 	0.617808 	199.809 	-0.0463437 	0.74774 	506.611 	382.552 	26.9537 	506.572 	320.212 	28.3674 	509.354 	528.876 	28.8931 	749.992 	-0.208422 	0.00590225 	746.21          456.819 	29.4019 	842.048 	405.099 	24.8372 	849.817 	255.685 	30.3116 	853.753 	522.605 	32.7975 	854.095 	456.991 	31.2664 	
0.219659 	0.718001 	-0.438879 	0 	0 	0 	0 	0 	0 	0.161957 	550.115 	0.586026 	199.819 	-0.0520392 	0.746994 	506.588 	382.403 	26.7713 	506.67          320.139 	28.2262 	509.35          528.878 	28.8771 	749.871 	-0.238827 	0.0751312 	746.214 	456.842 	29.4106 	842.004 	405.162 	24.9266 	849.966 	255.947 	30.1726 	853.742 	522.612 	32.8276 	854.16          456.928 	31.3746 	
0.200444 	0.783653 	-0.377442 	0 	0 	0 	0 	0 	0 	0.163839 	550.123 	0.57884 	199.818 	-0.0378369 	0.722687 	506.536 	382.448 	26.8909 	506.579 	320.217 	28.3742 	509.345 	528.876 	28.8473 	749.864 	-0.228955 	0.0665522 	746.213 	456.84          29.4185 	841.97          405.188 	24.8588 	849.782 	255.762 	30.4146 	853.599 	522.543 	32.8235 	854.133 	456.895 	31.4162 	
0.243409 	0.773272 	-0.350494 	0 	0 	0 	0 	0 	0 	0.166318 	550.128 	0.60032 	199.802 	-0.0443405 	0.755335 	506.532 	382.45          26.899          506.581 	320.213 	28.377          509.273 	528.99          29.0495 	749.886 	-0.228232 	0.0617422 	746.222 	456.845 	29.4133 	841.959 	405.101 	24.9124 	849.832 	255.691 	30.3058 	853.755 	522.633 	32.8021 	854.19          456.92          31.3787 	
0.260658 	0.712455 	-0.398305 	0 	0 	0 	0 	0 	0 	0.159222 	550.095 	0.600241 	199.805 	-0.0381402 	0.712766 	506.588 	382.39          26.7836 	506.696 	320.108 	28.0714 	509.338 	528.866 	28.8828 	749.982 	-0.194856 	0.00741502 	746.21          456.833 	29.3883 	842.013 	405.135 	24.9268 	849.855 	255.756 	30.336          853.627 	522.597 	32.7783 	854.148 	456.923 	31.3854 	
0.248648 	0.746116 	-0.358356 	0 	0 	0 	0 	0 	0 	0.155662 	550.111 	0.61705 	199.813 	-0.0347198 	0.743913 	506.601 	382.393 	26.7569 	506.676 	320.152 	28.2208 	509.353 	528.847 	28.8761 	749.871 	-0.228947 	0.0795203 	746.221 	456.852 	29.4089 	842.054 	405.154 	24.8827 	849.823 	255.709 	30.2989 	853.739 	522.593 	32.8328 	854.04          456.713 	31.5661 	
0.269753 	0.739192 	-0.392114 	0 	0 	0 	0 	0 	0 	0.158498 	550.128 	0.600441 	199.817 	-0.0463435 	0.732598 	506.53          382.449 	26.8975 	506.675 	320.144 	28.2029 	509.272 	528.977 	29.018          749.87          -0.251871 	0.0723464 	746.179 	456.924 	29.5077 	842.008 	405.096 	24.8222 	849.795 	255.827 	30.4553 	853.609 	522.578 	32.8082 	854.01          456.677 	31.5926 	
0.184871 	0.764559 	-0.373448 	0 	0 	0 	0 	0 	0 	0.159282 	550.249 	0.492063 	199.815 	-0.0557587 	0.731741 	506.536 	382.434 	26.895          506.558 	320.203 	28.3716 	509.274 	528.983 	29.0302 	749.964 	-0.212606 	0.0255546 	746.165 	456.912 	29.506          842.004 	405.149 	24.9238 	849.833 	255.709 	30.3064 	853.607 	522.567 	32.817          854.164 	456.918 	31.3715 	
0.271089 	0.726079 	-0.398898 	0 	0 	0 	0 	0 	0 	0.160194 	550.118 	0.587666 	199.819 	-0.0603846 	0.739919 	506.534 	382.44          26.8915 	506.704 	320.189 	28.2538 	509.359 	528.877 	28.8565 	749.989 	-0.20626 	0.00572289 	746.198 	456.84          29.4164 	842.191 	405.196 	24.838          849.794 	255.751 	30.4111 	853.761 	522.608 	32.8184 	854.264 	456.913 	31.348 	
0.264296 	0.768017 	-0.342992 	0 	0 	0 	0 	0 	0 	0.157887 	550.091 	0.620735 	199.812 	-0.0382861 	0.73731 	506.681 	382.477 	26.8017 	506.486 	320.206 	28.3477 	509.361 	528.857 	28.8792 	749.989 	-0.22032 	0.0150281 	746.222 	456.822 	29.4091 	842.034 	405.146 	24.7981 	849.81          255.687 	30.302          853.627 	522.571 	32.7948 	854.163 	456.945 	31.3762 	
0.241215 	0.752367 	-0.352754 	0 	0 	0 	0 	0 	0 	0.153037 	550.1           0.568434 	199.827 	-0.0340045 	0.738981 	506.682 	382.509 	26.8082 	506.576 	320.208 	28.3795 	509.365 	528.931 	28.9904 	749.877 	-0.203958 	0.0437661 	746.208 	456.835 	29.411          841.998 	405.159 	24.917          849.837 	255.69          30.2948 	853.618 	522.589 	32.7952 	854.151 	456.917 	31.4082 	
0.253027 	0.77857 	-0.356294 	0 	0 	0 	0 	0 	0 	0.15174 	550.102 	0.617054 	199.825 	-0.0625359 	0.743289 	506.722 	382.447 	26.7152 	506.699 	320.166 	28.1905 	509.35          528.888 	28.8763 	749.87          -0.235356 	0.0692791 	746.229 	456.847 	29.4088 	842.11          405.193 	24.9018 	849.839 	255.675 	30.3143 	853.768 	522.629 	32.8114 	854.048 	456.712 	31.5539 	
0.253578 	0.759907 	-0.367857 	0 	0 	0 	0 	0 	0 	0.139578 	550.241 	0.474499 	199.825 	-0.0450394 	0.715827 	506.517 	382.537 	26.9922 	506.757 	320.082 	28.1078 	509.361 	528.897 	28.8482 	749.994 	-0.20842 	-0.00977698 	746.185 	456.94          29.4934 	842.039 	405.235 	24.8601 	849.888 	255.756 	30.323          853.63          522.604 	32.8281 	854.175 	456.926 	31.3742 	
0.201716 	0.727413 	-0.485383 	0 	0 	0 	0 	0 	0 	-0.0252986 	550.168 	0.547949 	199.768 	-0.126767 	0.75441 	506.564 	382.725 	26.824          506.8           320.111 	28.0319 	509.442 	529.052 	28.5661 	749.992 	-0.217544 	0.00314116 	746.341 	457.11          29.2053 	842.13          405.219 	24.8117 	849.898 	255.844 	30.4324 	853.654 	522.64          32.8464 	854.238 	456.94          31.3448 	
0.179728 	0.768886 	-0.426295 	0 	0 	0 	0 	0 	0 	0.013592 	550.164 	0.46024 	199.864 	-0.158034 	0.639117 	506.557 	382.715 	26.841          506.665 	320.104 	28.1262 	509.425 	529.077 	28.5862 	749.992 	-0.2185 	-0.0113411 	746.333 	457.079 	29.2192 	842.157 	405.231 	24.7939 	849.952 	255.776 	30.3243 	853.729 	522.668 	32.9508 	854.257 	456.957 	31.304 	
0.193519 	0.703345 	-0.481178 	0 	0 	0 	0 	0 	0 	-0.120687 	550.038 	0.452949 	199.864 	-0.150816 	0.609795 	506.567 	382.74          26.8204 	506.798 	320.089 	28.0838 	509.37          529.058 	28.501          750.003 	-0.201664 	-0.0344756 	746.487 	457.117 	29.1171 	842.135 	405.218 	24.8058 	850.055 	255.733 	30.2228 	853.857 	522.763 	32.8939 	854.258 	456.943 	31.3142 	
0.208848 	0.721524 	-0.479052 	0 	0 	0 	0 	0 	0 	-0.128811 	550.091 	0.564378 	199.759 	-0.116507 	0.748439 	506.557 	382.739 	26.8272 	506.717 	319.992 	27.9383 	509.266 	529.027 	28.4885 	749.997 	-0.204935 	-0.0264637 	746.331 	457.112 	29.1972 	842.154 	405.219 	24.7997 	849.941 	255.764 	30.3338 	853.84          522.727 	32.9009 	854.234 	456.961 	31.3246 	
0.210711 	0.692735 	-0.454863 	0 	0 	0 	0 	0 	0 	-0.0809912 	550.024 	0.529595 	199.756 	-0.12162 	0.767667 	506.556 	382.724 	26.8086 	506.704 	320.063 	28.0729 	509.447 	529.111 	28.7232 	749.988 	-0.215691 	-0.00193871 	746.328 	457.081 	29.2032 	842.133 	405.194 	24.8153 	849.916 	255.758 	30.3355 	853.648 	522.637 	32.8319 	854.222 	456.951 	31.3597 	
0.192322 	0.68812 	-0.430091 	0 	0 	0 	0 	0 	0 	0.0850342 	550.151 	0.501916 	199.773 	-0.135355 	0.769323 	506.543 	382.683 	26.8301 	506.774 	320.077 	28.0627 	509.279 	528.863 	28.8314 	750.002 	-0.216065 	0.00473865 	746.335 	457.067 	29.2258 	842.126 	405.219 	24.7964 	849.806 	255.8           30.4294 	853.672 	522.596 	32.8172 	854.206 	456.948 	31.3392 	
0.271128 	0.71731 	-0.424246 	0 	0 	0 	0 	0 	0 	0.164808 	550.103 	0.584976 	199.824 	-0.0200035 	0.704447 	506.642 	382.501 	26.855          506.582 	320.227 	28.3712 	509.357 	528.891 	28.8718 	750.005 	-0.201651 	-0.0223675 	746.225 	456.842 	29.4083 	841.937 	405.161 	24.8714 	849.815 	255.776 	30.3988 	853.629 	522.576 	32.8112 	854.166 	456.925 	31.3859 	
0.270624 	0.704731 	-0.393141 	0 	0 	0 	0 	0 	0 	0.15152 	550.095 	0.603867 	199.806 	-0.0270639 	0.726278 	506.537 	382.437 	26.8996 	506.562 	320.217 	28.3779 	509.264 	528.988 	29.0114 	749.978 	-0.200883 	0.00879028 	746.224 	456.858 	29.3776 	842.016 	405.223 	24.8645 	849.833 	255.699 	30.279          853.619 	522.595 	32.7934 	854.17          456.947 	31.3668 	
0.184986 	0.745703 	-0.353852 	0 	0 	0 	0 	0 	0 	0.147032 	550.114 	0.616251 	199.83          -0.0635434 	0.728234 	506.653 	382.499 	26.8395 	506.703 	320.191 	28.2309 	509.363 	528.864 	28.8692 	749.978 	-0.21842 	0.019679 	746.21          456.857 	29.3974 	842.033 	405.21          24.8566 	849.941 	255.879 	30.1475 	853.616 	522.574 	32.8008 	854.16          456.936 	31.3833
0.247105 	0.760281 	-0.338791 	0 	0 	0 	0 	0 	0 	0.161061 	550.115 	0.594213 	199.813 	-0.0403038 	0.716641 	506.661 	382.497 	26.8386 	506.646 	320.146 	28.2722 	509.352 	528.872 	28.8598 	749.875 	-0.236879 	0.0755453 	746.231 	456.872 	29.3731 	841.952 	405.165 	24.8685 	849.837 	255.782 	30.3735 	853.629 	522.587 	32.8375 	854.162 	456.929 	31.3936 	
0.190829 	0.716206 	-0.443781 	0 	0 	0 	0 	0 	0 	-0.0102445 	550.172 	0.548957 	199.771 	-0.145016 	0.754295 	506.523 	382.553 	26.9957 	506.754 	320.058 	28.1498 	509.352 	528.858 	28.7212 	749.997 	-0.198955 	-0.018572 	746.304 	457.073 	29.2451 	842.138 	405.215 	24.8074 	849.816 	255.797 	30.4172 	853.68          522.635 	32.8165 	854.203 	456.943 	31.3384 	
0.272627 	0.745309 	-0.459589 	0 	0 	0 	0 	0 	0 	0.153556 	550.123 	0.558648 	199.806 	-0.0436036 	0.720064 	506.654 	382.728 	26.7812 	506.773 	320.087 	28.0754 	509.336 	528.856 	28.7124 	749.88          -0.231066 	0.0519128 	746.314 	457.09          29.2394 	842.12          405.218 	24.8208 	849.861 	255.825 	30.4571 	853.639 	522.607 	32.8506 	854.238 	456.921 	31.3592 	
0.200943 	0.716545 	-0.462721 	0 	0 	0 	0 	0 	0 	0.147722 	550.243 	0.445925 	199.821 	-0.0463809 	0.701504 	506.53          382.514 	26.9841 	506.771 	320.089 	28.0677 	509.369 	528.899 	28.846          749.982 	-0.214118 	0.0021165 	746.311 	457.047 	29.2516 	842.07          405.235 	24.8418 	849.873 	255.694 	30.2886 	853.626 	522.61          32.8368 	854.201 	456.92          31.3563 	
0.203556 	0.718645 	-0.488442 	0 	0 	0 	0 	0 	0 	0.131601 	550.112 	0.554752 	199.818 	-0.0468597 	0.682469 	506.65          382.593 	26.9298 	506.776 	320.096 	28.0853 	509.352 	529.06          28.527          749.992 	-0.204317 	-0.00448503 	746.303 	457.064 	29.2543 	842.114 	405.209 	24.8282 	849.797 	255.793 	30.443          853.643 	522.617 	32.8363 	854.22          456.922 	31.3595 	
0.248451 	0.761449 	-0.39574 	0 	0 	0 	0 	0 	0 	0.139131 	550.245 	0.455485 	199.746 	-0.131332 	0.796956 	506.518 	382.524 	26.99           506.779 	320.093 	28.0796 	509.383 	528.882 	28.8522 	749.98          -0.229997 	0.00832341 	746.229 	456.892 	29.3755 	842.11          405.204 	24.829          849.89  	255.76          30.3305 	853.659 	522.624 	32.8445 	854.211 	456.938 	31.3481 	
0.176812 	0.741667 	-0.39383 	0 	0 	0 	0 	0 	0 	0.150216 	550.111 	0.561976 	199.824 	-0.0475571 	0.71177 	506.518 	382.673 	26.8586 	506.77          320.1           28.0954 	509.264 	528.849 	28.6526 	749.883 	-0.231653 	0.0581905 	746.308 	457.068 	29.2387 	842.064 	405.193 	24.7785 	849.869 	255.689 	30.2895 	853.644 	522.612 	32.8181 	854.217 	456.945 	31.3415 	
0.276659 	0.731495 	-0.44066 	0 	0 	0 	0 	0 	0 	0.147459 	550.111 	0.59051 	199.817 	-0.0400813 	0.709783 	506.567 	382.468 	26.8477 	506.758 	320.08          28.1045 	509.353 	528.894 	28.8499 	749.984 	-0.226448 	0.0163025 	746.207 	456.864 	29.4122 	842.047 	405.224 	24.8536 	849.88          255.758 	30.3378 	853.651 	522.597 	32.8058 	854.187 	456.929 	31.375 	
0.195169 	0.766561 	-0.408017 	0 	0 	0 	0 	0 	0 	0.145403 	550.26          0.458275 	199.822 	-0.0551207 	0.723129 	506.543 	382.684 	26.8524 	506.777 	320.1           28.0794 	509.37          528.885 	28.8195 	749.997 	-0.201721 	-0.00620204 	746.226 	456.88          29.3698 	842.115 	405.21          24.8216 	849.999 	255.957 	30.1712 	853.651 	522.597 	32.8569 	854.192 	456.935 	31.3451 	
0.215588 	0.710522 	-0.458888 	0 	0 	0 	0 	0 	0 	0.137414 	550.253 	0.45331 	199.827 	-0.0482367 	0.689619 	506.522 	382.547 	26.953          506.682 	320.033 	28.1071 	509.386 	528.898 	28.8339 	749.98          -0.199235 	-0.00390026 	746.316 	457.062 	29.2376 	842.123 	405.21          24.8043 	849.888 	255.751 	30.3399 	853.639 	522.625 	32.8108 	854.179 	456.917 	31.3762 	
0.212557 	0.700935 	-0.439926 	0 	0 	0 	0 	0 	0 	0.134375 	550.107 	0.575204 	199.811 	-0.0379387 	0.731902 	506.502 	382.519 	26.9899 	506.752 	320.08          28.1081 	509.355 	528.887 	28.8446 	749.977 	-0.2297 	0.0222121 	746.19          456.837 	29.4118 	842.042 	405.241 	24.8521 	849.87          255.766 	30.3491 	853.633 	522.601 	32.8138 	854.175 	456.933 	31.3642 	
0.184003 	0.754613 	-0.39332 	0 	0 	0 	0 	0 	0 	0.145074 	550.251 	0.456827 	199.82          -0.051443 	0.70326 	506.517 	382.524 	26.9837 	506.715 	320.17          28.1699 	509.335 	528.857 	28.7342 	749.997 	-0.226399 	0.00163997 	746.313 	457.062 	29.2436 	842.063 	405.23 	24.8411 	849.903 	255.768 	30.3239 	853.634 	522.596 	32.8244 	854.19 	456.921 	31.3639 	
0.222048 	0.726019 	-0.45362 	0 	0 	0 	0 	0 	0 	0.159293 	550.117 	0.564042 	199.805 	-0.0522596 	0.735124 	506.506 	382.549 	26.9947 	506.837 	320.109 	28.152          509.329 	528.839 	28.737          749.991 	-0.217764 	0.00271909 	746.309 	457.069 	29.2385 	842.118 	405.222 	24.9018 	849.86 	255.834 	30.4276 	853.628 	522.601 	32.839 	854.185 	456.936 	31.3704 	
    0.212542 	0.690072 	-0.432457 	0 	0 	0 	0 	0 	0 	0.149913 	550.116 	0.565682 	199.82          -0.0559689 	0.702693 	506.606 	382.391 	26.7547 	506.747 	320.074 	28.1042 	509.329 	528.814 	28.738          749.973 	-0.21439 	-0.000749479 	746.211 	456.858 	29.3974 	842.099 	405.216 	24.8304 	849.856 	255.674 	30.3029 	853.662 	522.594 	32.8122 	854.183 	456.933 	31.3621 	
0.239715 	0.764977 	-0.361005 	0 	0 	0 	0 	0 	0 	0.152903 	550.101 	0.582493 	199.807 	-0.0596058 	0.738817 	506.601 	382.39          26.7627 	506.74          320.093 	28.1056 	509.349 	528.877 	28.8607 	749.992 	-0.22129 	-0.00461666 	746.226 	456.844 	29.4171 	841.945 	405.17 	24.8623 	849.854 	255.748 	30.3275 	853.625 	522.596 	32.8122 	854.179 	456.925 	31.3551 	
0.193783 	0.703183 	-0.4503 	0 	0 	0 	0 	0 	0 	0.147964 	550.231 	0.456247 	199.819 	-0.0458354 	0.703365 	506.628 	382.57          26.9175 	506.751 	320.081 	28.1079 	509.333 	528.841 	28.7462 	749.98          -0.205289 	-0.00914328 	746.296 	457.017 	29.2514 	842.053 	405.237 	24.8347 	849.874 	255.753 	30.3254 	853.627 	522.597 	32.8274 	854.172 	456.935 	31.3715 	
0.231361 	0.714478 	-0.458546 	0 	0 	0 	0 	0 	0 	0.154137 	550.116 	0.58326 	199.815 	-0.0816678 	0.745956 	506.614 	382.366 	26.7874 	506.749 	320.079 	28.111          509.367 	528.876 	28.857          749.984 	-0.215429 	0.00471269 	746.206 	456.851 	29.4181 	842.042 	405.24 	24.8435 	849.872 	255.733 	30.3375 	853.631 	522.577 	32.8168 	854.168 	456.931 	31.3682 	
0.263236 	0.730057 	-0.41686 	0 	0 	0 	0 	0 	0 	0.153527 	550.128 	0.573738 	199.816 	-0.0348249 	0.729847 	506.589 	382.385 	26.7867 	506.767 	320.082 	28.1021 	509.371 	528.877 	28.8594 	749.879 	-0.237224 	0.0737806 	746.199 	456.853 	29.4156 	842.041 	405.241 	24.8408 	849.861 	255.703 	30.2871 	853.626 	522.582 	32.8095 	854.184 	456.923 	31.3863 	
0.202629 	0.700753 	-0.424251 	0 	0 	0 	0 	0 	0 	0.13999 	550.119 	0.57285 	199.813 	-0.068062 	0.717924 	506.544 	382.69          26.8171 	506.689 	320.038 	28.0896 	509.264 	528.864 	28.8069 	749.975 	-0.221706 	0.00908145 	746.221 	456.848 	29.408 	842.054 	405.232 	24.8402 	849.739 	255.866 	30.5669 	853.645 	522.601 	32.8155 	854.216 	456.94 	31.3478 	
0.269172 	0.703102 	-0.406682 	0 	0 	0 	0 	0 	0 	0.15751 	550.244 	0.447496 	199.823 	-0.0341323 	0.693037 	506.532 	382.695 	26.8197 	506.742 	320.095 	28.1021 	509.361 	528.877 	28.8699 	749.969 	-0.218739 	0.0126662 	746.215 	456.863 	29.3923 	842.036 	405.172 	24.8032 	849.867 	255.734 	30.3468 	853.617 	522.598 	32.8319 	854.181 	456.913 	31.3799 	
0.215717 	0.703854 	-0.45326 	0 	0 	0 	0 	0 	0 	0.161361 	550.263 	0.46192 	199.763 	-0.151137 	0.805375 	506.714 	382.42          26.7461 	506.671 	320.022 	28.1321 	509.385 	528.885 	28.8458 	749.97          -0.203109 	0.00346136 	746.209 	456.84 	29.4121 	842.024 	405.131 	24.9419 	849.846 	255.674 	30.321 	853.639 	522.604 	32.7876 	854.169 	456.914 	31.3725 	
0.204565 	0.711293 	-0.45478 	0 	0 	0 	0 	0 	0 	0.161861 	550.105 	0.551691 	199.816 	-0.054856 	0.709387 	506.63          382.567 	26.9478 	506.765 	320.073 	28.0754 	509.352 	528.879 	28.8574 	749.97          -0.204856 	0.0047005 	746.303 	457.044 	29.2592 	842.12 	405.212 	24.9035 	849.889 	255.745 	30.3413 	853.633 	522.593 	32.8329 	854.19 	456.936 	31.3691 	
0.217333 	0.707501 	-0.459234 	0 	0 	0 	0 	0 	0 	0.154747 	550.105 	0.581018 	199.765 	-0.14369 	0.803433 	506.504 	382.526 	27.003          506.707 	320.142 	28.1923 	509.377 	528.878 	28.8517 	749.965 	-0.221691 	0.0274272 	746.213 	456.868 	29.4068 	842.11 	405.202 	24.903 	849.76 	255.733 	30.3977 	853.608 	522.592 	32.8122 	854.168 	456.942 	31.3721 	
0.20587 	0.679493 	-0.447421 	0 	0 	0 	0 	0 	0 	0.170826 	550.231 	0.439296 	199.809 	-0.0609886 	0.74074 	506.566 	382.457 	26.8765 	506.689 	320.128 	28.2026 	509.358 	528.863 	28.8552 	749.868 	-0.252696 	0.069871 	746.214 	456.839 	29.4138 	841.953 	405.097 	24.9296 	849.863 	255.755 	30.328 	853.628 	522.579 	32.7925 	854.169 	456.925 	31.3735 	
0.268227 	0.70816 	-0.403701 	0 	0 	0 	0 	0 	0 	0.170781 	550.114 	0.572425 	199.819 	-0.0604993 	0.747777 	506.643 	382.5           26.8472 	506.655 	320.154 	28.2481 	509.357 	528.869 	28.886 	749.859 	-0.22905 	0.075903 	746.206 	456.831 	29.4136 	841.93 	405.162 	24.8845 	849.835 	255.671 	30.2918 	853.621 	522.587 	32.8027 	854.169 	456.924 	31.3738 	
0.263309 	0.710229 	-0.406721 	0 	0 	0 	0 	0 	0 	0.134935 	550.252 	0.449865 	199.818 	-0.0461082 	0.720817 	506.503 	382.506 	26.9955 	506.757 	320.084 	28.1012 	509.357 	528.875 	28.8533 	749.99 	-0.197673 	-0.00351809 	746.204 	456.856 	29.4172 	842.115 	405.2 	24.8884 	849.893 	255.753 	30.3135 	853.639 	522.596 	32.8062 	854.186 	456.941 	31.3622 	
0.18            0.782015 	-0.395566 	0 	0 	0 	0 	0 	0 	0.142306 	550.243 	0.462844 	199.832 	-0.0618894 	0.710308 	506.592 	382.39          26.7699 	506.746 	320.085 	28.0963 	509.37          528.868 	28.8469 	749.881 	-0.218289 	0.0461592 	746.221 	456.85 	29.4182 	842.114 	405.199 	24.8819 	849.838 	255.662 	30.3116 	853.755 	522.619 	32.8386 	854.07 	456.701 	31.5421 	
0.190939 	0.72597 	-0.388646 	0 	0 	0 	0 	0 	0 	0.146081 	550.111 	0.566668 	199.81          -0.0782857 	0.735765 	506.706 	382.5           26.799          506.682 	320.131 	28.2065 	509.341 	528.861 	28.8621 	749.989 	-0.210023 	-0.00987936 	746.195 	456.844 	29.4036 	841.969 	405.095 	24.9233 	849.844 	255.665 	30.2897 	853.638 	522.571 	32.7965 	854.182 	456.924 	31.3571 	
0.205824 	0.713294 	-0.430744 	0 	0 	0 	0 	0 	0 	0.168721 	550.106 	0.588493 	199.807 	-0.0643886 	0.728119 	506.526 	382.45          26.8962 	506.765 	320.094 	28.0913 	509.355 	528.883 	28.8563 	749.842 	-0.2463 	0.0915037 	746.215 	456.875 	29.3968 	842.128 	405.206 	24.8855 	849.84 	255.824 	30.4513 	853.775 	522.617 	32.8524 	854.186 	456.939 	31.367 	
0.183237 	0.764295 	-0.396302 	0 	0 	0 	0 	0 	0 	0.163326 	550.121 	0.593017 	199.814 	-0.0612827 	0.742453 	506.5           382.517 	26.9962 	506.577 	320.211 	28.3615 	509.386 	528.885 	28.8356 	749.965 	-0.203178 	0.0065737 	746.218 	456.864 	29.3951 	842.045 	405.241 	24.8319 	849.826 	255.69 	30.3011 	853.631 	522.589 	32.7997 	854.145 	456.941 	31.3859 	
0.215422 	0.704843 	-0.450465 	0 	0 	0 	0 	0 	0 	0.173548 	550.112 	0.558384 	199.814 	-0.0651442 	0.737121 	506.714 	382.418 	26.7263 	506.741 	320.082 	28.1196 	509.363 	528.87          28.8529 	749.982 	-0.216665 	0.00556253 	746.315 	457.038 	29.2327 	841.994 	405.135 	24.9257 	849.835 	255.665 	30.2913 	853.747 	522.598 	32.8149 	854.171 	456.918 	31.3942 	
0.183869 	0.769741 	-0.381817 	0 	0 	0 	0 	0 	0 	0.179327 	550.12          0.588943 	199.822 	-0.0614318 	0.720884 	506.721 	382.433 	26.7167 	506.69          320.138 	28.1952 	509.361 	528.919 	28.9877 	749.981 	-0.208769 	0.0189982 	746.221 	456.878 	29.3848 	841.95 	405.111 	24.9208 	849.836 	255.688 	30.2815 	853.775 	522.605 	32.8137 	854.057 	456.693 	31.5577 	
0.207252 	0.699491 	-0.448733 	0 	0 	0 	0 	0 	0 	0.147408 	550.188 	0.381992 	199.766 	-0.157468 	0.809255 	506.602 	382.557 	26.6128 	506.687 	320.141 	28.1991 	509.343 	528.879 	28.8589 	749.971 	-0.210767 	0.0154508 	746.212 	456.858 	29.3953 	842.014 	405.145 	24.9374 	849.837 	255.696 	30.2854 	853.757 	522.601 	32.8445 	854.166 	456.935 	31.3706 	
0.218187 	0.693919 	-0.4425 	0 	0 	0 	0 	0 	0 	0.153251 	550.107 	0.582395 	199.815 	-0.0484863 	0.743841 	506.572 	382.439 	26.8853 	506.679 	320.149 	28.2123 	509.357 	528.873 	28.8842 	749.879 	-0.238708 	0.0547733 	746.213 	456.856 	29.4141 	842.03 	405.222 	24.8473 	849.871 	255.762 	30.3278 	853.775 	522.621 	32.8174 	854.166 	456.934 	31.3875 	
0.193407 	0.691709 	-0.439122 	0 	0 	0 	0 	0 	0 	0.155886 	550.084 	0.576552 	199.831 	-0.0647087 	0.724535 	506.715 	382.431 	26.7189 	506.75          320.07          28.1236 	509.353 	528.906 	29.0225 	749.975 	-0.21704 	0.014041 	746.204 	456.826 	29.4164 	841.876 	405.115 	24.8626 	849.832 	255.675 	30.2989 	853.736 	522.597 	32.8432 	854.04 	456.702 	31.5473 	
0.175606 	0.745158 	-0.37379 	0 	0 	0 	0 	0 	0 	0.135248 	550.244 	0.478898 	199.819 	-0.053391 	0.711577 	506.729 	382.421 	26.6798 	506.677 	320.147 	28.2119 	509.366 	528.869 	28.8522 	749.873 	-0.231791 	0.044827 	746.205 	456.846 	29.4154 	841.934 	405.172 	24.8809 	849.864 	255.768 	30.3333 	853.616 	522.58 	32.8085 	854.159 	456.922 	31.3759 	
0.273701 	0.714389 	-0.427816 	0 	0 	0 	0 	0 	0 	0.151369 	550.117 	0.583869 	199.824 	-0.0499565 	0.733486 	506.722 	382.434 	26.713          506.686 	320.146 	28.2085 	509.354 	528.874 	28.8794 	749.872 	-0.242823 	0.0645329 	746.192 	456.833 	29.4276 	842.016 	405.152 	24.9243 	849.852 	255.682 	30.3005 	853.762 	522.609 	32.8386 	854.168 	456.908 	31.3711 	
0.20719 	0.764019 	-0.408911 	0 	0 	0 	0 	0 	0 	0.147194 	550.098 	0.607857 	199.815 	-0.0655458 	0.718932 	506.594 	382.389 	26.755          506.746 	320.046 	28.1269 	509.361 	528.855 	28.8626 	749.867 	-0.245924 	0.0764176 	746.201 	456.84 	29.4209 	842.057 	405.164 	24.8992 	849.843 	255.655 	30.3032 	853.613 	522.554 	32.8136 	854.032 	456.674 	31.5645 	
0.253008 	0.722434 	-0.404319 	0 	0 	0 	0 	0 	0 	0.151495 	550.253 	0.454019 	199.819 	-0.0515766 	0.726453 	506.589 	382.391 	26.782          506.591 	320.097 	28.2487 	509.365 	528.872 	28.8682 	749.871 	-0.229878 	0.0615366 	746.214 	456.853 	29.4169 	841.932 	405.175 	24.8867 	849.843 	255.678 	30.298 	853.615 	522.564 	32.8377 	854.207 	456.918 	31.365 	
0.259523 	0.700791 	-0.437256 	0 	0 	0 	0 	0 	0 	0.138247 	550.239 	0.479839 	199.815 	-0.0641386 	0.745155 	506.572 	382.461 	26.8709 	506.736 	320.078 	28.1107 	509.358 	528.875 	28.8524 	749.867 	-0.224712 	0.0704916 	746.202 	456.86 	29.4044 	841.949 	405.176 	24.8639 	849.849 	255.735 	30.3426 	853.623 	522.589 	32.816 	854.05 	456.694 	31.5582 	
0.194157 	0.697225 	-0.445277 	0 	0 	0 	0 	0 	0 	0.149601 	550.105 	0.58284 	199.805 	-0.0697051 	0.739979 	506.714 	382.429 	26.7313 	506.676 	320.15          28.1913 	509.362 	528.893 	28.859 	749.991 	-0.196452 	-0.018029 	746.208 	456.846 	29.4197 	842.017 	405.15 	24.9126 	849.837 	255.677 	30.2896 	853.769 	522.611 	32.8108 	854.044 	456.706 	31.5567 	
0.214273 	0.694256 	-0.4177 	0 	0 	0 	0 	0 	0 	0.165354 	550.121 	0.592282 	199.827 	-0.0521178 	0.727026 	506.706 	382.428 	26.7538 	506.671 	320.127 	28.2305 	509.35          528.924 	28.9933 	749.98 	-0.216648 	0.0149931 	746.208 	456.853 	29.3967 	842.021 	405.132 	24.9249 	849.825 	255.691 	30.306 	853.757 	522.606 	32.8091 	854.042 	456.695 	31.5694 	
0.204527 	0.706415 	-0.45469 	0 	0 	0 	0 	0 	0 	0.162806 	550.084 	0.573927 	199.824 	-0.0677842 	0.715334 	506.732 	382.59          26.5668 	506.743 	320.071 	28.094          509.353 	528.875 	28.8585 	749.995 	-0.212118 	-0.0178905 	746.225 	456.873 	29.3854 	841.948 	405.156 	24.8786 	849.866 	255.746 	30.3446 	853.627 	522.583 	32.788 	854.183 	456.926 	31.3633 	
0.200041 	0.666476 	-0.411034 	0 	0 	0 	0 	0 	0 	0.162294 	550.129 	0.573409 	199.69          -0.0832118 	0.822621 	506.81          382.547 	26.7331 	506.683 	320.156 	28.2067 	509.372 	528.881 	28.848 	749.881 	-0.23237 	0.0439706 	746.2 	456.837 	29.4251 	842.034 	405.157 	24.9071 	849.809 	255.68 	30.3181 	853.774 	522.617 	32.7933 	854.157 	456.918 	31.3896 	
0.265267 	0.714881 	-0.425525 	0 	0 	0 	0 	0 	0 	0.153991 	550.112 	0.605424 	199.797 	-0.0497573 	0.755969 	506.596 	382.386 	26.7732 	506.673 	320.146 	28.2202 	509.326 	528.871 	28.8808 	749.86 	-0.244855 	0.069316 	746.211 	456.862 	29.3762 	842.106 	405.212 	24.8951 	849.844 	255.677 	30.2906 	853.613 	522.583 	32.8122 	854.127 	456.934 	31.4011 	
0.207524 	0.692472 	-0.439635 	0 	0 	0 	0 	0 	0 	0.161924 	550.096 	0.590828 	199.807 	-0.0669746 	0.733683 	506.508 	382.508 	26.9933 	506.641 	320.013 	28.1417 	509.269 	528.874 	28.8127 	749.868 	-0.236152 	0.0520518 	746.23 	456.847 	29.4005 	842.105 	405.193 	24.9073 	849.816 	255.769 	30.4034 	853.774 	522.62 	32.8023 	854.186 	456.925 	31.3724 	
0.217825 	0.707506 	-0.451878 	0 	0 	0 	0 	0 	0 	0.139938 	550.241 	0.494101 	199.804 	-0.0474717 	0.736524 	506.705 	382.424 	26.7282 	506.685 	320.128 	28.217          509.356 	528.864 	28.8542 	749.97 	-0.211872 	0.00120788 	746.23 	456.857 	29.3777 	842.005 	405.147 	24.9283 	849.849 	255.751 	30.3432 	853.616 	522.563 	32.8215 	854.15 	456.93 	31.3664 	
0.263344 	0.704024 	-0.414617 	0 	0 	0 	0 	0 	0 	0.150773 	550.105 	0.602425 	199.758 	-0.157985 	0.820216 	506.585 	382.395 	26.7789 	506.68          320.143 	28.2216 	509.326 	528.856 	28.8809 	749.97 	-0.201568 	-0.000897776 	746.204 	456.837 	29.4099 	842.088 	405.204 	24.9024 	849.84 	255.675 	30.2971 	853.617 	522.568 	32.8002 	854.143 	456.926 	31.3904 	
0.268135 	0.709122 	-0.407059 	0 	0 	0 	0 	0 	0 	0.0970724 	549.996 	0.667475 	199.812 	-0.048991 	0.730608 	506.611 	382.553 	26.6077 	506.764 	320.09          28.0791 	509.356 	528.866 	28.8518 	749.972 	-0.2165 	0.0214996 	746.201 	456.849 	29.4287 	842.034 	405.236 	24.8538 	849.842 	255.689 	30.2799 	853.784 	522.624 	32.8148 	854.162 	456.918 	31.3603 	
0.270259 	0.723892 	-0.432063 	0 	0 	0 	0 	0 	0 	0.134987 	550.251 	0.491062 	199.816 	-0.0566651 	0.734232 	506.711 	382.451 	26.7086 	506.672 	320.157 	28.2108 	509.362 	528.88 	28.8519 	749.867 	-0.241467 	0.0593098 	746.209 	456.862 	29.3964 	842.056 	405.205 	24.8812 	849.859 	255.736 	30.3373 	853.618 	522.584 	32.82 	854.147 	456.913 	31.3921 	
0.201111 	0.699869 	-0.451575 	0 	0 	0 	0 	0 	0 	0.138224 	550.224 	0.46228 	199.824 	-0.0679027 	0.729643 	506.596 	382.388 	26.7578 	506.491 	320.055 	28.2452 	509.354 	528.865 	28.8464 	749.86 	-0.236371 	0.059481 	746.168 	456.857 	29.3989 	842.002 	405.138 	24.9358 	849.843 	255.746 	30.3285 	853.625 	522.554 	32.7991 	854.168 	456.946 	31.3675 	
0.280432 	0.696423 	-0.400814 	0 	0 	0 	0 	0 	0 	0.147917 	550.231 	0.47987 	199.815 	-0.0611665 	0.73521 	506.515 	382.448 	26.9053 	506.593 	320.139 	28.1826 	509.261 	528.914 	28.9144 	749.96 	-0.226061 	0.0339562 	746.225 	456.845 	29.393 	841.937 	405.149 	24.8802 	849.831 	255.663 	30.3089 	853.624 	522.572 	32.7889 	854.154 	456.931 	31.3781 	
0.273998 	0.726589 	-0.432923 	0 	0 	0 	0 	0 	0 	0.140375 	550.246 	0.470506 	199.819 	-0.0426095 	0.714496 	506.737 	382.41          26.6832 	506.731 	320.082 	28.1163 	509.353 	528.882 	28.8545 	749.992 	-0.214208 	0.000663063 	746.203 	456.836 	29.4193 	842.043 	405.137 	24.922 	849.841 	255.681 	30.28 	853.774 	522.618 	32.8065 	854.153 	456.916 	31.3865 	
0.267559 	0.707916 	-0.417263 	0 	0 	0 	0 	0 	0 	0.161295 	550.092 	0.597061 	199.808 	-0.0424414 	0.712728 	506.595 	382.354 	26.7831 	506.717 	320.071 	28.1283 	509.368 	528.877 	28.847 	749.967 	-0.217386 	0.0149675 	746.189 	456.823 	29.3937 	841.945 	405.088 	24.9234 	849.846 	255.68 	30.2859 	853.613 	522.579 	32.8075 	854.188 	456.92 	31.3607 	
0.195409 	0.702667 	-0.437412 	0 	0 	0 	0 	0 	0 	0.150199 	550.123 	0.582221 	199.808 	-0.068306 	0.738918 	506.575 	382.463 	26.8592 	506.673 	320.146 	28.2151 	509.341 	528.883 	28.8643 	749.866 	-0.223767 	0.0575109 	746.243 	456.875 	29.3638 	841.966 	405.1 	24.9137 	849.818 	255.763 	30.3986 	853.621 	522.586 	32.781 	854.043 	456.692 	31.5427 	
0.27679 	0.704105 	-0.415839 	0 	0 	0 	0 	0 	0 	0.155103 	550.239 	0.477134 	199.768 	-0.166539 	0.810872 	506.721 	382.434 	26.7102 	506.737 	320.077 	28.1193 	509.361 	528.887 	28.848 	749.962 	-0.227841 	0.0280461 	746.225 	456.864 	29.3888 	842.115 	405.194 	24.9058 	849.828 	255.682 	30.3085 	853.622 	522.582 	32.8104 	854.144 	456.908 	31.401 	
0.19376 	0.691624 	-0.413913 	0 	0 	0 	0 	0 	0 	0.151864 	550.232 	0.468826 	199.798 	-0.0686437 	0.732217 	506.64          382.484 	26.8229 	506.746 	320.085 	28.1124 	509.356 	528.862 	28.8468 	749.857 	-0.217929 	0.0620988 	746.206 	456.833 	29.4106 	841.955 	405.107 	24.918 	849.83 	255.667 	30.3037 	853.632 	522.588 	32.806 	854.055 	456.689 	31.5667 	
0.203875 	0.691889 	-0.430183 	0 	0 	0 	0 	0 	0 	0.158384 	550.105 	0.584197 	199.81          -0.0483238 	0.733482 	506.587 	382.383 	26.782          506.691 	320.13          28.2137 	509.356 	528.887 	28.8764 	749.852 	-0.239994 	0.0523786 	746.234 	456.813 	29.4139 	842.019 	405.151 	24.8021 	849.783 	255.737 	30.419 	853.736 	522.573 	32.8338 	854.15 	456.927 	31.3881 	
0.273333 	0.719064 	-0.404674 	0 	0 	0 	0 	0 	0 	0.152907 	550.094 	0.590579 	199.815 	-0.0504222 	0.728232 	506.525 	382.423 	26.8923 	506.692 	320.152 	28.2343 	509.36          528.912 	28.9965 	749.956 	-0.21039 	0.017672 	746.212 	456.86 	29.392 	841.949 	405.139 	24.87 	849.826 	255.664 	30.2951 	853.626 	522.563 	32.7738 	854.157 	456.945 	31.37 	
0.264276 	0.698772 	-0.419667 	0 	0 	0 	0 	0 	0 	0.164453 	550.107 	0.586601 	199.818 	-0.0609139 	0.742603 	506.723 	382.436 	26.7235 	506.72          320.061 	28.1326 	509.364 	528.892 	28.8636 	749.873 	-0.236563 	0.0665978 	746.202 	456.843 	29.4023 	842.024 	405.142 	24.9261 	849.85 	255.668 	30.3016 	853.761 	522.611 	32.8036 	854.149 	456.911 	31.3943 	
0.194039 	0.687983 	-0.424533 	0 	0 	0 	0 	0 	0 	0.154142 	550.108 	0.573103 	199.811 	-0.0384982 	0.721696 	506.587 	382.367 	26.7886 	506.691 	320.131 	28.2023 	509.341 	528.868 	28.8764 	749.855 	-0.239929 	0.0933917 	746.194 	456.834 	29.4245 	841.949 	405.094 	24.9275 	849.838 	255.673 	30.2713 	853.766 	522.603 	32.8014 	854.157 	456.925 	31.3869 	
0.211097 	0.700003 	-0.434542 	0 	0 	0 	0 	0 	0 	0.157978 	550.121 	0.605877 	199.81          -0.0520326 	0.709937 	506.571 	382.438 	26.8843 	506.723 	320.073 	28.149          509.348 	528.858 	28.8692 	749.969 	-0.212011 	0.00501045 	746.209 	456.841 	29.4241 	841.885 	405.112 	24.8766 	849.828 	255.666 	30.3113 	853.609 	522.578 	32.7953 	854.15 	456.912 	31.3974 	
0.187335 	0.752382 	-0.399702 	0 	0 	0 	0 	0 	0 	0.153391 	550.083 	0.587669 	199.754 	-0.154668 	0.830721 	506.833 	382.464 	26.6182 	506.728 	320.076 	28.1299 	509.358 	528.881 	28.8785 	749.859 	-0.242782 	0.0680456 	746.198 	456.834 	29.3941 	841.945 	405.178 	24.8617 	849.805 	255.747 	30.4002 	853.751 	522.6 	32.8326 	854.141 	456.939 	31.393 	
    0.25296 	0.694603 	-0.419861 	0 	0 	0 	0 	0 	0 	0.168022 	550.104 	0.594635 	199.763 	-0.145514 	0.830631 	506.833 	382.461 	26.6469 	506.682 	320.152 	28.1964 	509.345 	528.874 	28.871          749.986 	-0.217158 	0.0132499 	746.211 	456.842 	29.4043 	842.009 	405.142 	24.9181 	849.828 	255.693 	30.2863 	853.642 	522.589 	32.7685 	854.027 	456.717 	31.5494 	
0.220151 	0.694934 	-0.459255 	0 	0 	0 	0 	0 	0 	0.138015 	550.098 	0.578752 	199.746 	-0.15435 	0.815646 	506.839 	382.464 	26.6159 	506.744 	320.055 	28.1175 	509.349 	528.893 	28.8697 	749.872 	-0.234566 	0.0632609 	746.186 	456.821 	29.4319 	841.973 	405.088 	24.9163 	849.806 	255.761 	30.3928 	853.598 	522.581 	32.8139 	854.174 	456.947 	31.3624 	
0.211099 	0.709134 	-0.451623 	0 	0 	0 	0 	0 	0 	0.140616 	550.093 	0.573253 	199.765 	-0.156069 	0.815068 	506.702 	382.497 	26.8161 	506.733 	320.071 	28.1109 	509.374 	528.884 	28.8378 	749.977 	-0.230599 	0.00122236 	746.185 	456.835 	29.4104 	842.059 	405.179 	24.8858 	849.845 	255.722 	30.3653 	853.625 	522.595 	32.8022 	854.171 	456.932 	31.3665 	
0.194379 	0.768167 	-0.397968 	0 	0 	0 	0 	0 	0 	0.151351 	550.12          0.584709 	199.817 	-0.0547232 	0.741494 	506.73          382.407 	26.6754 	506.739 	320.078 	28.1192 	509.353 	528.858 	28.8858 	749.988 	-0.195236 	-0.0189397 	746.208 	456.836 	29.4084 	842.008 	405.151 	24.9347 	849.835 	255.669 	30.3057 	853.634 	522.586 	32.7976 	854.074 	456.709 	31.5364 	
0.270515 	0.715092 	-0.426923 	0 	0 	0 	0 	0 	0 	0.154567 	550.102 	0.581544 	199.833 	-0.0602869 	0.710203 	506.648 	382.484 	26.8298 	506.629 	320.128 	28.2712 	509.35          528.872 	28.8638 	749.995 	-0.216324 	-0.0183938 	746.209 	456.867 	29.3894 	841.946 	405.156 	24.8776 	849.832 	255.658 	30.2964 	853.612 	522.551 	32.8408 	854.152 	456.92 	31.3877 	
0.208817 	0.71278 	-0.436582 	0 	0 	0 	0 	0 	0 	0.15399 	550.13          0.554957 	199.813 	-0.0541842 	0.737479 	506.613 	382.392 	26.7657 	506.678 	320.139 	28.2053 	509.364 	528.888 	28.8473 	749.975 	-0.197497 	-0.00508699 	746.219 	456.823 	29.3808 	841.971 	405.098 	24.9152 	849.834 	255.673 	30.2971 	853.749 	522.609 	32.8194 	854.012 	456.698 	31.5692 	
0.183746 	0.768273 	-0.388754 	0 	0 	0 	0 	0 	0 	0.153395 	550.251 	0.459424 	199.763 	-0.149491 	0.825898 	506.691 	382.517 	26.817          506.627 	320.032 	28.1518 	509.352 	528.856 	28.8641 	749.871 	-0.238673 	0.0703375 	746.187 	456.832 	29.4302 	842.089 	405.208 	24.9188 	849.828 	255.675 	30.3145 	853.607 	522.569 	32.8251 	854.151 	456.92 	31.3885 	
0.192737 	0.726227 	-0.367701 	0 	0 	0 	0 	0 	0 	0.155544 	550.102 	0.584423 	199.797 	-0.0618718 	0.721947 	506.64          382.488 	26.8322 	506.722 	320.055 	28.1165 	509.376 	528.892 	28.8617 	749.964 	-0.208275 	0.0143104 	746.215 	456.859 	29.3871 	842.084 	405.116 	24.8951 	849.838 	255.67 	30.3078 	853.612 	522.546 	32.8093 	854.146 	456.91 	31.3739 	
0.207149 	0.706267 	-0.436593 	0 	0 	0 	0 	0 	0 	0.14182 	550.083 	0.593069 	199.813 	-0.0597118 	0.740837 	506.563 	382.366 	26.7961 	506.678 	320.136 	28.2357 	509.352 	528.886 	28.8753 	749.87          -0.223882 	0.060544 	746.235 	456.859 	29.3921 	842.008 	405.145 	24.916 	849.859 	255.758 	30.3384 	853.63 	522.578 	32.7761 	854.056 	456.704 	31.5433 	
0.205802 	0.699068 	-0.424652 	0 	0 	0 	0 	0 	0 	0.154777 	550.095 	0.583362 	199.797 	-0.0551763 	0.734019 	506.526 	382.44          26.9116 	506.643 	320.013 	28.1449 	509.31          528.825 	28.7721 	749.869 	-0.225303 	0.0597782 	746.185 	456.831 	29.4287 	842.02 	405.158 	24.9226 	849.828 	255.681 	30.3126 	853.628 	522.594 	32.8199 	854.184 	456.938 	31.3529 	
0.280526 	0.709399 	-0.422496 	0 	0 	0 	0 	0 	0 	0.132287 	550.099 	0.565773 	199.809 	-0.0647493 	0.718715 	506.677 	382.495 	26.8209 	506.739 	320.07          28.0896 	509.348 	528.863 	28.8696 	749.871 	-0.227366 	0.0666113 	746.194 	456.843 	29.4154 	841.96 	405.089 	24.9279 	849.857 	255.745 	30.3472 	853.632 	522.559 	32.8161 	854.142 	456.914 	31.3844 	
0.211428 	0.68562 	-0.449745 	0 	0 	0 	0 	0 	0 	0.156177 	550.119 	0.573253 	199.817 	-0.0676313 	0.722765 	506.856 	382.471 	26.6237 	506.697 	320.135 	28.1996 	509.34          528.883 	28.8704 	749.967 	-0.213145 	0.020297 	746.201 	456.852 	29.3991 	842.146 	405.17 	24.8865 	849.824 	255.676 	30.2942 	853.622 	522.572 	32.7978 	854.174 	456.915 	31.3904 	
0.251576 	0.701528 	-0.399293 	0 	0 	0 	0 	0 	0 	0.140582 	550.082 	0.590059 	199.812 	-0.0590763 	0.713454 	506.651 	382.491 	26.8398 	506.691 	320.141 	28.1925 	509.329 	528.87          28.8748 	749.97          -0.213819 	0.0141253 	746.233 	456.862 	29.3797 	842.026 	405.154 	24.9132 	849.853 	255.73 	30.3482 	853.618 	522.586 	32.815 	854.045 	456.707 	31.5497 	
0.195653 	0.715053 	-0.45533 	0 	0 	0 	0 	0 	0 	0.138019 	550.11          0.564911 	199.812 	-0.0637815 	0.719157 	506.702 	382.5           26.8108 	506.746 	320.091 	28.1028 	509.33          528.846 	28.7212 	749.984 	-0.204158 	-0.0208963 	746.205 	456.858 	29.3814 	842.038 	405.235 	24.8581 	849.872 	255.723 	30.3471 	853.616 	522.574 	32.8331 	854.154 	456.918 	31.3863 	
0.19892 	0.698933 	-0.478121 	0 	0 	0 	0 	0 	0 	0.0850877 	550.089 	0.387706 	199.756 	-0.128161 	0.757808 	506.538 	382.695 	26.8285 	506.853 	320.104 	28.1131 	509.498 	529.065 	28.6547 	750.004 	-0.214869 	-0.0162577 	746.332 	457.111 	29.2048 	842.138 	405.228 	24.7963 	849.822 	255.796 	30.45 	853.722 	522.67 	32.9224 	854.212 	456.936 	31.3469 	
0.178284 	0.680194 	-0.481154 	0 	0 	0 	0 	0 	0 	-0.130971 	550.072 	0.543458 	199.86          -0.182913 	0.629851 	506.54          382.711 	26.8224 	506.79          319.997 	28.0092 	509.338 	529.06          28.503          749.99          -0.216291 	-0.0170954 	746.467 	457.126 	29.1135 	842.14 	405.226 	24.8099 	849.94 	255.758 	30.3148 	853.86 	522.752 	32.8753 	854.217 	456.93 	31.344 	
0.200038 	0.694854 	-0.506082 	0 	0 	0 	0 	0 	0 	-0.136075 	550.045 	0.406585 	199.852 	-0.154297 	0.628479 	506.567 	382.727 	26.8295 	506.827 	320.015 	27.9524 	509.423 	529.054 	28.6            749.99          -0.220195 	-0.0227281 	746.47 	457.161 	29.1001 	842.153 	405.216 	24.8041 	850.072 	255.715 	30.233 	853.75 	522.697 	32.9308 	854.243 	456.976 	31.3038 	
0.197839 	0.681645 	-0.478517 	0 	0 	0 	0 	0 	0 	-0.149422 	550.036 	0.450323 	199.862 	-0.166596 	0.611095 	506.562 	382.751 	26.7955 	506.752 	319.98          27.9033 	509.356 	529.055 	28.4941 	750.008 	-0.204134 	-0.0588644 	746.467 	457.147 	29.1039 	842.083 	405.2 	24.7825 	849.976 	255.761 	30.3064 	853.739 	522.691 	32.9282 	854.189 	457.098 	31.1374 	
0.193865 	0.691716 	-0.477372 	0 	0 	0 	0 	0 	0 	-0.132955 	549.998 	0.452494 	199.856 	-0.163085 	0.616924 	506.545 	382.707 	26.8291 	506.768 	320.043 	27.9316 	509.443 	529.04          28.5798 	749.975 	-0.229996 	-0.0127893 	746.316 	457.089 	29.2226 	842.144 	405.201 	24.8047 	849.917 	255.761 	30.3232 	853.733 	522.653 	32.9089 	854.211 	456.943 	31.344 	
0.193842 	0.692369 	-0.469393 	0 	0 	0 	0 	0 	0 	0.0116381 	550.089 	0.379191 	199.754 	-0.122803 	0.768607 	506.53          382.698 	26.8249 	506.785 	320.1           28.0566 	509.361 	528.886 	28.8626 	749.985 	-0.22148 	0.00426773 	746.294 	457.059 	29.2375 	842.109 	405.188 	24.8279 	849.907 	255.765 	30.3123 	853.647 	522.591 	32.8213 	854.044 	456.84 	31.4248 	
0.206522 	0.690153 	-0.440629 	0 	0 	0 	0 	0 	0 	0.0875347 	550.079 	0.431566 	199.758 	-0.136103 	0.755233 	506.683 	382.514 	26.7863 	506.667 	319.959 	27.982          509.449 	529.095 	28.7091 	749.986 	-0.213591 	-0.00413313 	746.302 	457.074 	29.2184 	842.046 	405.221 	24.8538 	849.884 	255.755 	30.3164 	853.647 	522.604 	32.8002 	854.188 	456.949 	31.3509 	
0.188844 	0.694073 	-0.450998 	0 	0 	0 	0 	0 	0 	0.124996 	550.211 	0.462536 	199.756 	-0.147258 	0.813458 	506.569 	382.44          26.8801 	506.681 	320.148 	28.1865 	509.362 	528.89          28.8708 	749.966 	-0.212182 	0.00165254 	746.213 	456.861 	29.3857 	841.937 	405.152 	24.8868 	849.851 	255.75 	30.3424 	853.625 	522.551 	32.8105 	854.154 	456.92 	31.3975 	
0.20987 	0.677288 	-0.449179 	0 	0 	0 	0 	0 	0 	0.138411 	550.241 	0.46556 	199.801 	-0.0779246 	0.745952 	506.546 	382.42          26.9118 	506.731 	320.073 	28.1057 	509.344 	528.851 	28.8819 	749.982 	-0.219816 	0.00576099 	746.224 	456.831 	29.3975 	841.938 	405.166 	24.8718 	849.834 	255.735 	30.3563 	853.589 	522.543 	32.8259 	854.176 	456.92 	31.3905 	
0.192234 	0.74829 	-0.394487 	0 	0 	0 	0 	0 	0 	0.121072 	550.222 	0.4658          199.812 	-0.0444229 	0.71452 	506.528 	382.461 	26.8981 	506.661 	320.016 	28.1279 	509.331 	528.84          28.7207 	749.972 	-0.215843 	0.00501032 	746.306 	457.067 	29.2318 	842.048 	405.245 	24.8488 	849.875 	255.755 	30.3416 	853.619 	522.581 	32.8348 	854.204 	456.952 	31.3536 	
0.198978 	0.703487 	-0.46796 	0 	0 	0 	0 	0 	0 	-0.0016078 	550.127 	0.443375 	199.868 	-0.172789 	0.624003 	506.675 	382.732 	26.7841 	506.686 	319.959 	27.9743 	509.246 	528.842 	28.6541 	749.995 	-0.233293 	-0.0143592 	746.318 	457.076 	29.2214 	842.133 	405.197 	24.8155 	849.802 	255.789 	30.4275 	853.656 	522.603 	32.8444 	854.203 	456.941 	31.3598 	
0.193999 	0.70551 	-0.49411 	0 	0 	0 	0 	0 	0 	-0.126687 	550.046 	0.459029 	199.844 	-0.164916 	0.614533 	506.567 	382.732 	26.8197 	506.793 	319.992 	27.9863 	509.322 	529.05          28.5678 	749.991 	-0.231118 	0.0036519 	746.386 	457.079 	29.1379 	842.141 	405.226 	24.8141 	849.962 	255.764 	30.3158 	853.719 	522.688 	32.9374 	854.216 	456.932 	31.3388 	
0.19705 	0.689476 	-0.489031 	0 	0 	0 	0 	0 	0 	-0.145941 	550.048 	0.442574 	199.866 	-0.167606 	0.596846 	506.568 	382.731 	26.8032 	506.816 	320.047 	27.8748 	509.37          529.044 	28.507          750.001 	-0.21278 	-0.0580579 	746.337 	457.139 	29.1811 	842.07 	405.236 	24.7847 	849.969 	255.766 	30.3077 	853.841 	522.736 	32.8881 	854.267 	456.957 	31.3055 	
0.183581 	0.707277 	-0.515447 	0 	0 	0 	0 	0 	0 	-0.140823 	550.037 	0.41448 	199.863 	-0.162398 	0.589973 	506.561 	382.732 	26.8093 	506.808 	319.992 	27.9496 	509.258 	529.018 	28.488          749.994 	-0.22834 	-0.0298189 	746.322 	457.109 	29.1943 	842.156 	405.215 	24.7988 	850.096 	255.763 	30.2148 	853.732 	522.69 	32.943 	854.273 	457.183 	31.1298 	
0.204849 	0.702181 	-0.498648 	0 	0 	0 	0 	0 	0 	-0.147079 	550.07          0.41127 	199.861 	-0.15621 	0.592581 	506.559 	382.73          26.8314 	506.747 	319.98          27.9098 	509.276 	529.037 	28.478          749.983 	-0.226537 	-0.0168712 	746.33 	457.116 	29.2112 	842.157 	405.21 	24.8045 	849.968 	255.759 	30.3041 	853.727 	522.693 	32.9386 	854.306 	457.185 	31.1253 	
0.198602 	0.708799 	-0.511912 	0 	0 	0 	0 	0 	0 	-0.127255 	550.022 	0.444401 	199.857 	-0.147354 	0.596259 	506.554 	382.737 	26.8031 	506.86          320.04          27.848          509.377 	529.054 	28.4929 	750.004 	-0.207318 	-0.043032 	746.472 	457.167 	29.1101 	842.151 	405.222 	24.8007 	849.978 	255.772 	30.3069 	853.839 	522.752 	32.8975 	854.286 	457.207 	31.104 	
0.185341 	0.701282 	-0.500666 	0 	0 	0 	0 	0 	0 	-0.130246 	550.048 	0.402641 	199.856 	-0.147519 	0.587378 	506.566 	382.735 	26.8122 	506.749 	319.977 	27.891          509.261 	529.032 	28.4749 	749.967 	-0.224444 	-0.0252659 	746.481 	457.171 	29.0905 	842.161 	405.218 	24.8062 	849.972 	255.77 	30.3207 	853.861 	522.777 	32.8876 	854.239 	456.942 	31.3245 	
0.210746 	0.695458 	-0.514909 	0 	0 	0 	0 	0 	0 	-0.131745 	550.033 	0.408053 	199.859 	-0.154157 	0.598467 	506.553 	382.726 	26.8112 	506.809 	320.022 	27.9675 	509.337 	529.048 	28.5822 	749.997 	-0.20356 	-0.0463469 	746.461 	457.151 	29.0994 	842.154 	405.227 	24.795 	849.971 	255.79 	30.3164 	853.874 	522.751 	32.8864 	854.262 	456.933 	31.319 	
0.18669 	0.669353 	-0.481852 	0 	0 	0 	0 	0 	0 	-0.145049 	550.03          0.442108 	199.865 	-0.154622 	0.599586 	506.572 	382.73          26.8271 	506.811 	320.008 	27.9569 	509.37          529.068 	28.4962 	749.992 	-0.224252 	-0.0343692 	746.323 	457.108 	29.2008 	842.097 	405.204 	24.7891 	849.971 	255.77 	30.3327 	853.845 	522.749 	32.9142 	854.308 	457.194 	31.1162 	
0.191865 	0.696196 	-0.504145 	0 	0 	0 	0 	0 	0 	-0.135565 	550.043 	0.410256 	199.86          -0.166549 	0.620158 	506.556 	382.726 	26.8217 	506.909 	320.041 	27.9255 	509.26          529.007 	28.5076 	749.989 	-0.219712 	-0.0359937 	746.481 	457.14 	29.1109 	842.16 	405.218 	24.8029 	849.99 	255.775 	30.3063 	853.845 	522.742 	32.9116 	854.301 	457.192 	31.1254 	
0.172795 	0.686583 	-0.494269 	0 	0 	0 	0 	0 	0 	-0.151543 	550.051 	0.430758 	199.865 	-0.162413 	0.588278 	506.563 	382.722 	26.8198 	506.851 	320.041 	27.8567 	509.37          529.07 	28.4967 	749.985 	-0.222742 	-0.02728 	746.461 	457.145 	29.1207 	842.092 	405.212 	24.7753 	849.976 	255.765 	30.3169 	853.83 	522.752 	32.9432 	854.3 	457.194 	31.118 	
0.205789 	0.713168 	-0.501512 	0 	0 	0 	0 	0 	0 	-0.126696 	550.045 	0.410225 	199.859 	-0.145475 	0.608456 	506.554 	382.724 	26.817          506.797 	320.002 	27.9792 	509.429 	529.067 	28.5934 	749.992 	-0.233448 	-0.0208454 	746.469 	457.172 	29.085 	842.131 	405.207 	24.8221 	850.077 	255.73 	30.2158 	853.704 	522.698 	32.9735 	854.166 	457.096 	31.1681 	
0.195946 	0.679394 	-0.481539 	0 	0 	0 	0 	0 	0 	-0.146638 	550.041 	0.416675 	199.849 	-0.166386 	0.602652 	506.579 	382.742 	26.8128 	507.007 	320.103 	27.8642 	509.388 	529.067 	28.4795 	749.989 	-0.213857 	-0.0405449 	746.465 	457.139 	29.0948 	842.149 	405.214 	24.8028 	849.959 	255.772 	30.328 	853.853 	522.741 	32.9027 	854.221 	456.901 	31.2605 	
0.0874693 	0.605079 	-0.439846 	0 	0 	0 	0 	0 	0 	-0.156686 	550.041 	0.400025 	199.862 	-0.150304 	0.585684 	506.568 	382.734 	26.7924 	506.852 	320.042 	27.8628 	509.374 	529.055 	28.4975 	750.068 	-0.0225444 	-0.24294 	746.474 	457.172 	29.0783 	842.088 	405.208 	24.7909 	849.872 	255.82 	30.4118 	853.832 	522.731 	32.9116 	854.27 	457.205 	31.1641 	
0.182001 	0.689013 	-0.512034 	0 	0 	0 	0 	0 	0 	-0.146563 	550.042 	0.418302 	199.849 	-0.0559006 	0.48879 	506.55          382.727 	26.8144 	506.85          320.048 	27.8489 	509.323 	529.019 	28.5922 	749.994 	-0.213783 	-0.0366327 	746.475 	457.163 	29.0917 	842.162 	405.222 	24.7934 	849.973 	255.776 	30.3252 	853.837 	522.727 	32.9233 	854.252 	456.94 	31.2978 	
0.197626 	0.706547 	-0.510654 	0 	0 	0 	0 	0 	0 	-0.134003 	550.039 	0.410191 	199.862 	-0.150817 	0.598698 	506.579 	382.731 	26.8065 	506.852 	320.036 	27.8501 	509.383 	529.076 	28.4746 	749.994 	-0.202984 	-0.0403187 	746.382 	457.071 	29.1192 	842.171 	405.2 	24.7975 	850.059 	255.735 	30.2036 	853.848 	522.748 	32.8957 	854.279 	457.108 	31.0846 	
0.115333 	0.586592 	-0.431034 	0 	0 	0 	0 	0 	0 	-0.139078 	550.037 	0.422853 	199.849 	-0.162574 	0.609049 	506.546 	382.697 	26.8293 	506.735 	319.958 	27.9283 	509.404 	529.058 	28.595 	749.984 	-0.227775 	-0.0345273 	746.254 	457.059 	29.1915 	842.16 	405.211 	24.8034 	850.062 	255.743 	30.2055 	853.743 	522.68 	32.922 	854.107 	456.807 	31.3999 	
0.202984 	0.71098 	-0.530862 	0 	0 	0 	0 	0 	0 	-0.148682 	550.044 	0.417554 	199.844 	-0.1527 	0.589331 	506.566 	382.709 	26.8238 	506.804 	319.985 	27.9603 	509.371 	529.066 	28.51 	749.99 	-0.219345 	-0.00755394 	746.474 	457.162 	29.1026 	842.068 	405.237 	24.7861 	849.96 	255.758 	30.3422 	853.735 	522.667 	32.9286 	854.451 	457.24 	31.035 	
0.194273 	0.685202 	-0.506539 	0 	0 	0 	0 	0 	0 	-0.148666 	550.048 	0.429272 	199.86          -0.148913 	0.591524 	506.564 	382.733 	26.7825 	506.804 	320.007 	27.9585 	509.271 	529.019 	28.4998 	749.987 	-0.227774 	-0.0333308 	746.458 	457.146 	29.0891 	842.097 	405.209 	24.7808 	849.957 	255.77 	30.3167 	853.848 	522.764 	32.8587 	854.164 	457.018 	31.1198 	
0.193722 	0.693847 	-0.494155 	0 	0 	0 	0 	0 	0 	-0.143674 	550.037 	0.443365 	199.863 	-0.165817 	0.605241 	506.534 	382.724 	26.8507 	506.817 	320.035 	27.8806 	509.26          529.02 	28.4921 	749.996 	-0.211639 	-0.0316793 	746.466 	457.161 	29.1111 	842.166 	405.224 	24.8006 	849.973 	255.754 	30.3218 	853.742 	522.695 	32.9254 	854.436 	457.254 	31.0448 	
0.179012 	0.704226 	-0.49736 	0 	0 	0 	0 	0 	0 	-0.072923 	550.019 	0.457388 	199.861 	-0.16204 	0.614795 	506.55          382.741 	26.8085 	506.816 	320.005 	27.9563 	509.427 	529.08 	28.588 	749.982 	-0.237532 	-0.0121036 	746.457 	457.152 	29.1032 	842.154 	405.207 	24.8055 	849.968 	255.771 	30.3208 	853.72 	522.664 	32.9486 	854.17 	457.06 	31.1729 	
0.188621 	0.702182 	-0.514169 	0 	0 	0 	0 	0 	0 	-0.129851 	550.036 	0.417794 	199.839 	-0.165826 	0.601171 	506.554 	382.73          26.8155 	506.846 	320.03          27.8602 	509.421 	529.058 	28.5873 	749.987 	-0.21898 	-0.0290045 	746.46 	457.153 	29.0911 	842.161 	405.221 	24.7869 	849.987 	255.774 	30.288 	853.74 	522.686 	32.9267 	854.257 	457.14 	31.083 	
0.180109 	0.702838 	-0.504808 	0 	0 	0 	0 	0 	0 	-0.145498 	550.042 	0.404551 	199.855 	-0.168561 	0.611194 	506.562 	382.725 	26.8045 	506.746 	319.991 	27.9224 	509.362 	529.056 	28.5041 	749.997 	-0.212049 	-0.0343569 	746.465 	457.135 	29.1049 	842.166 	405.223 	24.7806 	849.986 	255.782 	30.3093 	853.743 	522.685 	32.9423 	853.46 	457.635 	31.629 	
0.199436 	0.696427 	-0.50701 	0 	0 	0 	0 	0 	0 	-0.135492 	550.031 	0.433906 	199.85          -0.16183 	0.60291 	506.573 	382.727 	26.8056 	506.672 	320.032 	27.9897 	509.364 	529.061 	28.5071 	749.995 	-0.213044 	-0.0471127 	746.313 	457.105 	29.1907 	842.079 	405.216 	24.7801 	849.943 	255.774 	30.332 	853.835 	522.704 	32.9099 	854.098 	456.855 	31.3673 	
0.193067 	0.705254 	-0.505661 	0 	0 	0 	0 	0 	0 	-0.150866 	550.033 	0.454942 	199.845 	-0.158          0.609832 	506.575 	382.724 	26.8001 	506.809 	319.993 	27.9703 	509.341 	529.039 	28.575 	749.995 	-0.215538 	-0.0299474 	746.463 	457.157 	29.1107 	842.158 	405.205 	24.7969 	849.944 	255.768 	30.31 	853.719 	522.685 	32.9299 	854.159 	457.077 	31.19 	
0.204896 	0.693319 	-0.506003 	0 	0 	0 	0 	0 	0 	-0.157305 	550.033 	0.428676 	199.859 	-0.151941 	0.605002 	506.569 	382.707 	26.802          506.741 	319.977 	27.9058 	509.353 	529.068 	28.4792 	749.987 	-0.225739 	-0.0178177 	746.457 	457.132 	29.1061 	842.146 	405.215 	24.8049 	849.983 	255.782 	30.2953 	853.839 	522.737 	32.8974 	854.232 	456.95 	31.3269 	
0.187717 	0.683199 	-0.486838 	0 	0 	0 	0 	0 	0 	-0.138038 	550.026 	0.420673 	199.854 	-0.156526 	0.612244 	506.56          382.734 	26.7995 	506.829 	320.029 	27.8892 	509.348 	529.05          28.5205 	750.008 	-0.220779 	-0.0333222 	746.456 	457.136 	29.1334 	842.128 	405.207 	24.8268 	849.946 	255.797 	30.319 	853.848 	522.731 	32.8769 	854.223 	456.954 	31.3253 	
0.17446 	0.706217 	-0.481306 	0 	0 	0 	0 	0 	0 	-0.123873 	550.056 	0.433142 	199.836 	-0.174863 	0.629348 	506.563 	382.72          26.8207 	506.815 	320.034 	27.8962 	509.367 	529.052 	28.5165 	749.987 	-0.237899 	-0.0186426 	746.465 	457.129 	29.1034 	842.069 	405.233 	24.7745 	849.961 	255.773 	30.3219 	853.861 	522.74 	32.8566 	854.22 	456.945 	31.3397 	
0.195466 	0.704293 	-0.533073 	0 	0 	0 	0 	0 	0 	-0.152905 	550.043 	0.438566 	199.857 	-0.15801 	0.605242 	506.566 	382.71          26.7958 	506.792 	319.983 	27.9863 	509.36          529.06          28.4993 	749.984 	-0.213817 	-0.0444089 	746.312 	457.078 	29.2066 	842.141 	405.21 	24.8012 	850.051 	255.73 	30.2035 	853.729 	522.686 	32.916 	854.252 	457.144 	31.1518 	
0.191162 	0.70069 	-0.477067 	0 	0 	0 	0 	0 	0 	-0.14103 	550.042 	0.444003 	199.753 	-0.129714 	0.73322 	506.541 	382.718 	26.8446 	506.709 	320.045 	28.0323 	509.359 	529.063 	28.509          749.985 	-0.196836 	-0.039233 	746.329 	457.102 	29.2025 	842.13 	405.214 	24.8176 	850.03 	255.747 	30.2155 	853.666 	522.644 	32.8197 	854.229 	456.947 	31.3353 	
0.184237 	0.68986 	-0.486126 	0 	0 	0 	0 	0 	0 	-0.144183 	550.03          0.443708 	199.755 	-0.124523 	0.733405 	506.557 	382.709 	26.809          506.728 	319.995 	27.9068 	509.458 	529.071 	28.5414 	749.979 	-0.211945 	-0.0139971 	746.333 	457.111 	29.2006 	842.134 	405.215 	24.8133 	849.942 	255.766 	30.3047 	853.73 	522.676 	32.9104 	854.229 	456.938 	31.3385 	
0.188827 	0.691576 	-0.489988 	0 	0 	0 	0 	0 	0 	-0.141665 	550.03          0.448104 	199.847 	-0.16095 	0.594547 	506.55          382.713 	26.8256 	506.73          319.959 	27.9062 	509.356 	529.056 	28.4977 	749.984 	-0.225879 	-0.0302556 	746.361 	457.061 	29.1282 	842.14 	405.22 	24.8034 	849.854 	255.802 	30.4247 	853.829 	522.729 	32.872 	854.157 	457.071 	31.1642 	
0.173466 	0.689993 	-0.49515 	0 	0 	0 	0 	0 	0 	-0.132026 	550.028 	0.428183 	199.866 	-0.150371 	0.590191 	506.564 	382.703 	26.8075 	506.726 	319.98          27.9033 	509.318 	529.034 	28.6035 	750.008 	-0.199811 	-0.0567068 	746.457 	457.149 	29.114 	842.147 	405.225 	24.7952 	849.961 	255.76 	30.3288 	853.724 	522.681 	32.9406 	854.133 	457.092 	31.1816 	
0.194458 	0.684094 	-0.492441 	0 	0 	0 	0 	0 	0 	-0.0799282 	550.027 	0.474369 	199.86          -0.1504 	0.602756 	506.544 	382.697 	26.8125 	506.789 	320.014 	27.9893 	509.231 	529.018 	28.5232 	749.971 	-0.21281 	-0.0224472 	746.328 	457.123 	29.1873 	842.135 	405.205 	24.818 	849.95 	255.776 	30.2892 	853.79 	522.71 	32.7842 	854.217 	456.954 	31.3472 	
0.18205 	0.692947 	-0.499458 	0 	0 	0 	0 	0 	0 	-0.12           550.011 	0.431667 	199.867 	-0.165052 	0.612215 	506.539 	382.696 	26.8463 	506.723 	319.98          27.9326 	509.371 	529.044 	28.5097 	749.998 	-0.213874 	-0.0371948 	746.312 	457.093 	29.1914 	842.14 	405.208 	24.7942 	849.944 	255.749 	30.3177 	853.67 	522.64 	32.8144 	854.221 	456.961 	31.3335 	
0.186346 	0.679412 	-0.474807 	0 	0 	0 	0 	0 	0 	-0.12208 	550.034 	0.448187 	199.851 	-0.154708 	0.594115 	506.551 	382.712 	26.8198 	506.722 	319.978 	27.9439 	509.369 	529.051 	28.4972 	749.989 	-0.203394 	-0.0450601 	746.328 	457.105 	29.1858 	842.132 	405.204 	24.8123 	849.952 	255.782 	30.3031 	853.668 	522.66 	32.818 	854.222 	456.952 	31.3307 	
0.206014 	0.673226 	-0.47275 	0 	0 	0 	0 	0 	0 	0.0210203 	550.104 	0.355679 	199.746 	-0.132924 	0.7427          506.539 	382.685 	26.8384 	506.804 	320.033 	27.9313 	509.333 	529.044 	28.54           749.986 	-0.214918 	-0.0353228 	746.305 	457.07 	29.2155 	842.124 	405.21 	24.7964 	849.91 	255.761 	30.3185 	853.646 	522.65 	32.8112 	854.2 	456.948 	31.3489 	
0.188164 	0.67861 	-0.458649 	0 	0 	0 	0 	0 	0 	-0.0720893 	550.013 	0.476765 	199.849 	-0.173964 	0.610498 	506.565 	382.696 	26.8058 	506.851 	320.024 	27.9908 	509.348 	529.05          28.5133 	749.994 	-0.218733 	-0.0311202 	746.319 	457.091 	29.2151 	842.117 	405.199 	24.8302 	849.928 	255.771 	30.3073 	853.732 	522.666 	32.8782 	854.196 	456.943 	31.3563 	
0.202629 	0.684434 	-0.488723 	0 	0 	0 	0 	0 	0 	-0.138435 	550.022 	0.456897 	199.867 	-0.162845 	0.611583 	506.537 	382.701 	26.8245 	506.857 	320.038 	27.9831 	509.435 	529.077 	28.5801 	749.997 	-0.213848 	-0.0376943 	746.316 	457.087 	29.2062 	842.1 	405.194 	24.8326 	850.022 	255.723 	30.2057 	853.733 	522.627 	32.9074 	854.204 	456.958 	31.3427 	
0.196684 	0.703319 	-0.489546 	0 	0 	0 	0 	0 	0 	-0.12797 	550.032 	0.482021 	199.747 	-0.14511 	0.768997 	506.529 	382.681 	26.8159 	506.689 	319.962 	27.9731 	509.325 	529.044 	28.5123 	749.983 	-0.221069 	-0.0167845 	746.277 	457.072 	29.2162 	842.104 	405.204 	24.8256 	849.883 	255.758 	30.3217 	853.661 	522.628 	32.8022 	854.209 	456.944 	31.3419 	
0.18106 	0.706091 	-0.482974 	0 	0 	0 	0 	0 	0 	-0.133806 	550.024 	0.467632 	199.859 	-0.174727 	0.638296 	506.545 	382.691 	26.8262 	506.692 	319.979 	27.9394 	509.415 	529.058 	28.5897 	749.982 	-0.214805 	-0.0258748 	746.309 	457.084 	29.1934 	842.102 	405.194 	24.8265 	849.928 	255.743 	30.3137 	853.644 	522.627 	32.8312 	854.199 	456.958 	31.3482 	
0.18219 	0.676964 	-0.479645 	0 	0 	0 	0 	0 	0 	0.00380846 	550.089 	0.371055 	199.752 	-0.137977 	0.770037 	506.529 	382.693 	26.8262 	506.707 	319.964 	27.9545 	509.418 	529.037 	28.606          749.992 	-0.219681 	-0.00760584 	746.32 	457.067 	29.2247 	842.105 	405.213 	24.8051 	849.821 	255.817 	30.4354 	853.653 	522.587 	32.8551 	854.207 	456.935 	31.3534 	
0.16275 	0.682884 	-0.471851 	0 	0 	0 	0 	0 	0 	-0.142625 	550.032 	0.441736 	199.745 	-0.133639 	0.762339 	506.536 	382.701 	26.8138 	506.71          319.978 	27.9333 	509.348 	528.852 	28.7362 	749.996 	-0.220431 	-0.0165655 	746.321 	457.095 	29.1884 	842.109 	405.192 	24.8334 	849.916 	255.758 	30.3299 	853.656 	522.639 	32.8293 	854.204 	456.939 	31.3406 	
0.199369 	0.679191 	-0.455435 	0 	0 	0 	0 	0 	0 	0.00866726 	550.096 	0.382266 	199.745 	-0.142225 	0.776474 	506.614 	382.628 	26.6938 	506.771 	320.093 	28.0495 	509.413 	529.065 	28.5672 	749.99          -0.2236 	-0.0141722 	746.305 	457.043 	29.2314 	842.116 	405.197 	24.8068 	849.811 	255.805 	30.4132 	853.635 	522.625 	32.8125 	854.183 	456.925 	31.3643 	
0.184232 	0.673227 	-0.452984 	0 	0 	0 	0 	0 	0 	0.0162478 	550.095 	0.36898 	199.861 	-0.165151 	0.622196 	506.556 	382.632 	26.7113 	506.767 	320.072 	28.0663 	509.416 	529.061 	28.5682 	749.996 	-0.211767 	-0.024711 	746.32 	457.078 	29.2119 	842.046 	405.228 	24.8488 	849.893 	255.755 	30.3264 	853.643 	522.608 	32.8328 	854.19 	456.94 	31.346 	
0.172525 	0.680658 	-0.446664 	0 	0 	0 	0 	0 	0 	0.0206571 	550.096 	0.346595 	199.868 	-0.179021 	0.631354 	506.55          382.697 	26.8143 	506.679 	319.957 	27.9735 	509.344 	529.044 	28.5072 	749.972 	-0.236911 	-0.00520897 	746.312 	457.064 	29.1976 	842.086 	405.197 	24.8435 	849.895 	255.752 	30.3341 	853.646 	522.623 	32.8063 	854.194 	456.944 	31.3571 	
0.187693 	0.686069 	-0.444739 	0 	0 	0 	0 	0 	0 	0.0671169 	550.091 	0.429581 	199.753 	-0.1314 	0.754885 	506.536 	382.589 	26.7494 	506.767 	320.028 	27.9565 	509.238 	528.842 	28.6771 	749.969 	-0.210955 	-5.99299e-005 	746.315 	457.064 	29.2135 	842.014 	405.214 	24.8805 	849.879 	255.749 	30.3432 	853.637 	522.61 	32.8042 	854.195 	456.926 	31.3564 	
0.205342 	0.691807 	-0.465352 	0 	0 	0 	0 	0 	0 	-0.0539443 	550.069 	0.615283 	199.757 	-0.130091 	0.773975 	506.526 	382.648 	26.8434 	506.675 	319.976 	27.9813 	509.364 	528.896 	28.8453 	749.988 	-0.208484 	-0.0126129 	746.312 	457.041 	29.2254 	842.107 	405.198 	24.8268 	849.884 	255.756 	30.3281 	853.649 	522.631 	32.7818 	854.181 	456.949 	31.3631 	
0.196373 	0.673653 	-0.426426 	0 	0 	0 	0 	0 	0 	-0.0843782 	550.029 	0.493357 	199.753 	-0.136376 	0.772275 	506.543 	382.674 	26.8086 	506.677 	320.023 	28.0756 	509.452 	529.09          28.6847 	749.981 	-0.222905 	-0.0140534 	746.31 	457.082 	29.2255 	842.109 	405.192 	24.8271 	849.811 	255.814 	30.4345 	853.637 	522.591 	32.8146 	854.216 	456.929 	31.3478 	
0.191216 	0.703301 	-0.450962 	0 	0 	0 	0 	0 	0 	0.0654974 	550.072 	0.429311 	199.754 	-0.151513 	0.776327 	506.526 	382.663 	26.8316 	506.738 	320.064 	28.0849 	509.434 	529.087 	28.7168 	749.868 	-0.251095 	0.0532707 	746.306 	457.045 	29.2072 	842.114 	405.215 	24.8981 	849.868 	255.757 	30.3244 	853.628 	522.595 	32.7861 	854.141 	456.941 	31.3734 	
0.200176 	0.699196 	-0.463195 	0 	0 	0 	0 	0 	0 	-0.0726138 	550.023 	0.511415 	199.746 	-0.117615 	0.773504 	506.549 	382.6           26.7271 	506.765 	320.064 	28.0737 	509.352 	528.878 	28.8368 	749.968 	-0.219652 	-0.0118079 	746.322 	457.058 	29.2085 	841.992 	405.143 	24.8535 	849.858 	255.676 	30.2808 	853.63 	522.582 	32.7998 	854.178 	456.93 	31.3719 	
0.191199 	0.685162 	-0.434345 	0 	0 	0 	0 	0 	0 	0.0748016 	550.078 	0.408261 	199.758 	-0.138916 	0.77646 	506.517 	382.683 	26.8307 	506.76          320.043 	28.0597 	509.313 	528.845 	28.7458 	749.969 	-0.212574 	-0.00328935 	746.242 	456.878 	29.3384 	842.097 	405.21 	24.8062 	849.884 	255.759 	30.3128 	853.619 	522.579 	32.7959 	854.176 	456.953 	31.3771 	
0.1813          0.680194 	-0.449059 	0 	0 	0 	0 	0 	0 	0.093165 	550.079 	0.398064 	199.751 	-0.141295 	0.769679 	506.557 	382.621 	26.7313 	506.756 	320.086 	28.0768 	509.372 	528.908 	28.8475 	749.961 	-0.217912 	0.00766096 	746.311 	457.053 	29.2316 	842.022 	405.219 	24.8729 	849.856 	255.71 	30.2734 	853.626 	522.592 	32.8191 	854.18 	456.926 	31.3488 	
0.182749 	0.700091 	-0.439955 	0 	0 	0 	0 	0 	0 	0.0855365 	550.066 	0.447895 	199.762 	-0.150917 	0.785189 	506.608 	382.56          26.604          506.75          320.082 	28.0939 	509.373 	528.879 	28.8323 	749.969 	-0.230034 	0.0135088 	746.202 	456.855 	29.3866 	841.889 	405.107 	24.8737 	849.858 	255.753 	30.3263 	853.616 	522.563 	32.8166 	854.147 	456.937 	31.3772 	
    0.194452 	0.666143 	-0.429629 	0 	0 	0 	0 	0 	0 	0.0709171 	550.051 	0.444873 	199.749 	-0.150847 	0.759404 	506.7           382.41          26.7342 	506.601 	320.104 	28.2086 	509.35          528.883 	28.843          749.971 	-0.214573 	-0.00472816 	746.238 	456.865 	29.3646 	842.131 	405.208 	24.896 	849.852 	255.754 	30.3389 	853.621 	522.597 	32.7957 	854.145 	456.918 	31.4018 	
0.19209 	0.678724 	-0.460777 	0 	0 	0 	0 	0 	0 	0.0902682 	550.068 	0.428466 	199.767 	-0.139509 	0.77024 	506.543 	382.594 	26.7235 	506.748 	320.076 	28.0863 	509.373 	528.894 	28.8482 	749.966 	-0.217333 	0.00270088 	746.303 	457.058 	29.2249 	842.018 	405.233 	24.8682 	849.843 	255.738 	30.3493 	853.623 	522.56 	32.8182 	854.163 	456.932 	31.3802 	
0.192032 	0.704666 	-0.439294 	0 	0 	0 	0 	0 	0 	0.131798 	550.038 	0.488927 	199.769 	-0.146845 	0.800815 	506.568 	382.445 	26.8732 	506.746 	320.063 	28.1171 	509.361 	528.887 	28.847          749.988 	-0.22488 	-0.00535489 	746.311 	457.035 	29.2246 	841.89 	405.129 	24.8543 	849.819 	255.667 	30.3103 	853.608 	522.587 	32.7989 	854.158 	456.929 	31.3856 	
0.176976 	0.684322 	-0.442321 	0 	0 	0 	0 	0 	0 	0.137799 	550.108 	0.548401 	199.752 	-0.140229 	0.767488 	506.819 	382.434 	26.6375 	506.765 	320.087 	28.0905 	509.368 	528.874 	28.8478 	749.97          -0.224962 	-0.00335185 	746.305 	457.016 	29.2376 	842.029 	405.145 	24.9149 	849.838 	255.683 	30.2944 	853.615 	522.57 	32.809 	854.16 	456.945 	31.3716 	
0.182729 	0.681098 	-0.440411 	0 	0 	0 	0 	0 	0 	0.0865665 	550.092 	0.435128 	199.743 	-0.140218 	0.784066 	506.7           382.443 	26.7253 	506.748 	320.081 	28.1049 	509.353 	528.879 	28.8539 	749.972 	-0.22196 	-0.00654631 	746.301 	457.049 	29.2445 	841.931 	405.166 	24.8825 	849.862 	255.748 	30.322 	853.626 	522.589 	32.8032 	854.139 	456.929 	31.3802 	
0.186809 	0.680813 	-0.443364 	0 	0 	0 	0 	0 	0 	0.14223 	550.037 	0.479882 	199.754 	-0.140917 	0.806714 	506.562 	382.444 	26.8665 	506.822 	320.1 	28.1449 	509.351 	528.859 	28.8572 	749.976 	-0.213156 	0.00386017 	746.205 	456.865 	29.3891 	842.12 	405.203 	24.9038 	849.845 	255.737 	30.3452 	853.609 	522.571 	32.825 	854.165 	456.939 	31.3782 	
0.183789 	0.674302 	-0.424359 	0 	0 	0 	0 	0 	0 	0.126671 	550.228 	0.462549 	199.76          -0.158199 	0.784762 	506.522 	382.441 	26.8781 	506.744 	320.066 	28.0844 	509.306 	528.84 	28.7436 	749.98 	-0.223764 	-0.00193009 	746.194 	456.827 	29.4051 	841.949 	405.16 	24.8542 	849.838 	255.685 	30.2793 	853.625 	522.582 	32.7618 	854.166 	456.915 	31.3675 	
0.181235 	0.688081 	-0.443036 	0 	0 	0 	0 	0 	0 	0.148154 	550.238 	0.442584 	199.807 	-0.0334442 	0.713085 	506.698 	382.663 	26.6697 	506.739 	320.086 	28.095 	509.337 	528.88 	28.8634 	749.87 	-0.235632 	0.0463114 	746.191 	456.834 	29.4036 	842.025 	405.083 	24.8762 	849.853 	255.745 	30.3234 	853.613 	522.581 	32.8112 	854.144 	456.924 	31.3913 	
0.200618 	0.667557 	-0.417196 	0 	0 	0 	0 	0 	0 	0.141249 	550.1           0.578281 	199.797 	-0.053913 	0.728367 	506.595 	382.388 	26.7681 	506.732 	320.075 	28.1049 	509.355 	528.9 	28.8439 	749.981 	-0.215029 	0.00114315 	746.3 	457.044 	29.2292 	842.017 	405.141 	24.9319 	849.858 	255.679 	30.2859 	853.614 	522.591 	32.7869 	854.183 	456.956 	31.3538 	
0.203721 	0.687499 	-0.466123 	0 	0 	0 	0 	0 	0 	0.144948 	550.051 	0.458743 	199.752 	-0.16848 	0.799946 	506.526 	382.437 	26.8941 	506.642 	320.078 	28.0748 	509.361 	528.871 	28.8447 	749.974 	-0.228198 	0.00530121 	746.219 	456.835 	29.3971 	842.032 	405.237 	24.836 	849.837 	255.672 	30.2943 	853.646 	522.588 	32.787 	854.159 	456.929 	31.3895 	
0.187929 	0.685175 	-0.446869 	0 	0 	0 	0 	0 	0 	0.127942 	550.097 	0.570309 	199.756 	-0.144251 	0.790289 	506.636 	382.509 	26.8257 	506.737 	320.079 	28.0985 	509.369 	528.887 	28.843 	749.975 	-0.215883 	-0.00512724 	746.211 	456.839 	29.3887 	842.02 	405.239 	24.8531 	849.871 	255.745 	30.3197 	853.628 	522.598 	32.7924 	854.142 	456.921 	31.3771 	
0.215742 	0.723911 	-0.483097 	0 	0 	0 	0 	0 	0 	0.112082 	550.046 	0.4912          199.759 	-0.145119 	0.782812 	506.588 	382.377 	26.7568 	506.743 	320.072 	28.0876 	509.338 	528.871 	28.8687 	749.971 	-0.229676 	0.00297922 	746.3           457.042 	29.2276 	842.025 	405.164 	24.9207 	849.852 	255.683 	30.2905 	853.639 	522.597 	32.7664 	854.158 	456.949 	31.3623 	
0.186197 	0.697808 	-0.461048 	0 	0 	0 	0 	0 	0 	0.141506 	550.091 	0.547686 	199.802 	-0.0592363 	0.708104 	506.5           382.519 	26.9817 	506.754 	320.058 	28.098          509.374 	528.893 	28.8376 	749.971 	-0.220383 	0.0010985 	746.199 	456.85          29.3853 	842.115 	405.218 	24.9123 	849.861 	255.736 	30.3539 	853.628 	522.593 	32.8167 	854.154 	456.94          31.3805 	
0.194425 	0.705118 	-0.469907 	0 	0 	0 	0 	0 	0 	0.138892 	550.031 	0.470281 	199.809 	-0.0592833 	0.71758 	506.54          382.444 	26.876          506.74          320.072 	28.1031 	509.371 	528.892 	28.8437 	749.981 	-0.215152 	-0.00805022 	746.3           457.07          29.2371 	842.097 	405.216 	24.8114 	849.788 	255.787 	30.4238 	853.601 	522.57          32.8249 	854.167 	456.936 	31.3879 	
0.197276 	0.706566 	-0.475147 	0 	0 	0 	0 	0 	0 	0.150335 	550.098 	0.539011 	199.826 	-0.056819 	0.702206 	506.524 	382.45          26.8804 	506.746 	320.094 	28.0736 	509.307 	528.833 	28.7568 	749.985 	-0.222958 	0.00403505 	746.295 	457.057 	29.2225 	842.073 	405.213 	24.8292 	849.879 	255.772 	30.3138 	853.616 	522.614 	32.7854 	854.171 	456.932 	31.3699 	
0.19687 	0.709234 	-0.471877 	0 	0 	0 	0 	0 	0 	0.0783884 	550.075 	0.427324 	199.766 	-0.151431 	0.777603 	506.647 	382.731 	26.759          506.764 	320.086 	28.059          509.336 	528.844 	28.7191 	749.984 	-0.216909 	-0.0184731 	746.304 	457.063 	29.2276 	842.131 	405.214 	24.8085 	849.895 	255.771 	30.3152 	853.644 	522.626 	32.8259 	854.157 	456.927 	31.3756 	
0.198353 	0.703908 	-0.475001 	0 	0 	0 	0 	0 	0 	0.127729 	550.205 	0.34097 	199.812 	-0.0552714 	0.692072 	506.52          382.513 	26.9679 	506.682 	320.002 	28.0709 	509.316 	528.834 	28.7326 	749.877 	-0.246475 	0.0440856 	746.311 	457.065 	29.2202 	842.19          405.189 	24.8699 	849.873 	255.748 	30.3439 	853.752 	522.645 	32.851          854.199 	456.94          31.3542 	
0.197518 	0.701761 	-0.471044 	0 	0 	0 	0 	0 	0 	0.121257 	550.093 	0.530559 	199.808 	-0.0471567 	0.681703 	506.548 	382.446 	26.8778 	506.665 	320.023 	28.1006 	509.327 	528.856 	28.7095 	749.974 	-0.218238 	0.000577736 	746.219 	456.868 	29.3639 	842.022 	405.153 	24.8315 	849.857 	255.668 	30.2979 	853.638 	522.604 	32.7995 	854.182 	456.91          31.3616 	
0.19911 	0.705086 	-0.465143 	0 	0 	0 	0 	0 	0 	0.132258 	550.04          0.458756 	199.916 	-0.104715 	0.566096 	506.63          382.577 	26.9245 	506.662 	320.019 	28.1043 	509.328 	528.841 	28.7215 	749.981 	-0.210851 	-0.00470277 	746.225 	456.892 	29.3711 	842.059 	405.225 	24.8353 	849.891 	255.761 	30.3101 	853.648 	522.601 	32.8134 	854.177 	456.93          31.367 	
0.184394 	0.709219 	-0.497076 	0 	0 	0 	0 	0 	0 	0.121864 	550.203 	0.329945 	199.76          -0.12753 	0.739652 	506.542 	382.698 	26.8166 	506.787 	320.043 	27.929          509.428 	529.047 	28.5648 	749.974 	-0.230164 	-0.000408529 	746.298 	457.075 	29.2278 	842.138 	405.226 	24.8091 	849.91          255.75          30.3397 	853.637 	522.637 	32.8391 	854.201 	456.922 	31.3437 	
0.195756 	0.701511 	-0.49443 	0 	0 	0 	0 	0 	0 	0.128072 	550.178 	0.312762 	199.757 	-0.131842 	0.737333 	506.571 	382.623 	26.7062 	506.703 	319.959 	27.955          509.43          529.036 	28.5774 	749.98          -0.217054 	-0.0274359 	746.308 	457.053 	29.2363 	842.139 	405.208 	24.7935 	849.943 	255.75          30.3084 	853.634 	522.639 	32.8256 	854.21          456.936 	31.3448 	
0.178776 	0.693699 	-0.478878 	0 	0 	0 	0 	0 	0 	0.122984 	550.241 	0.419268 	199.758 	-0.130556 	0.748793 	506.548 	382.717 	26.8329 	506.69          319.957 	27.9669 	509.254 	528.845 	28.6625 	749.966 	-0.20664 	-0.00788566 	746.307 	457.079 	29.231          842.078 	405.262 	24.8101 	849.814 	255.794 	30.4171 	853.648 	522.623 	32.8223 	854.202 	456.93          31.3632 	
0.198792 	0.717355 	-0.511374 	0 	0 	0 	0 	0 	0 	-0.0720502 	550.031 	0.476649 	199.865 	-0.184632 	0.636874 	506.553 	382.707 	26.8565 	506.707 	319.982 	27.9445 	509.413 	529.081 	28.5943 	749.994 	-0.218509 	-0.0308335 	746.337 	457.098 	29.1833 	842.156 	405.22          24.7937 	849.839 	255.806 	30.4209 	853.703 	522.66          32.9448 	854.222 	456.95          31.3354 	
0.19431 	0.6782          -0.519624 	0 	0 	0 	0 	0 	0 	-0.151822 	550.039 	0.416202 	199.861 	-0.184052 	0.607153 	506.545 	382.701 	26.8351 	506.739 	319.974 	27.9033 	509.358 	529.068 	28.4706 	750.005 	-0.216153 	-0.034487 	746.343 	457.096 	29.1907 	842.159 	405.215 	24.7874 	850.057 	255.722 	30.2173 	853.734 	522.694 	32.9176 	854.234 	456.932 	31.3212 	
0.175777 	0.677291 	-0.494135 	0 	0 	0 	0 	0 	0 	-0.135503 	550.008 	0.40191 	199.849 	-0.0318846 	0.437714 	506.554 	382.718 	26.8185 	506.842 	320.039 	27.8386 	509.427 	529.08          28.5753 	749.981 	-0.225407 	-0.0364698 	746.337 	457.123 	29.1718 	842.141 	405.212 	24.8032 	849.958 	255.772 	30.3056 	853.712 	522.698 	32.9506 	854.364 	457.022 	31.2612 	
0.192413 	0.686884 	-0.469264 	0 	0 	0 	0 	0 	0 	-0.14905 	550.036 	0.437157 	199.85          -0.155961 	0.600468 	506.552 	382.734 	26.8278 	506.88          320.047 	27.9791 	509.345 	529.052 	28.5368 	749.983 	-0.221413 	-0.0232726 	746.489 	457.154 	29.0928 	842.064 	405.216 	24.7979 	850.048 	255.752 	30.2057 	853.782 	522.747 	32.7876 	854.266 	457.181 	31.1312 	
0.18866 	0.682148 	-0.464056 	0 	0 	0 	0 	0 	0 	0.0131245 	550.095 	0.353975 	199.752 	-0.140255 	0.754384 	506.566 	382.622 	26.7052 	506.789 	320.085 	28.0276 	509.416 	529.046 	28.5918 	749.984 	-0.22335 	-0.0134786 	746.313 	457.068 	29.2116 	842.106 	405.206 	24.8059 	849.911 	255.756 	30.3255 	853.641 	522.593 	32.7823 	854.165 	456.935 	31.3731 	
0.202231 	0.690183 	-0.476973 	0 	0 	0 	0 	0 	0 	0.0242779 	550.091 	0.379038 	199.742 	-0.153008 	0.763701 	506.546 	382.606 	26.731          506.76          320.109 	28.0566 	509.322 	528.835 	28.7253 	749.968 	-0.193202 	-0.0180345 	746.308 	457.069 	29.188          842.089 	405.207 	24.8192 	849.886 	255.753 	30.3201 	853.62          522.589 	32.7985 	854.164 	456.915 	31.3757 	
0.248413 	0.70163 	-0.422168 	0 	0 	0 	0 	0 	0 	0.142919 	550.101 	0.568707 	199.807 	-0.0449878 	0.713545 	506.586 	382.39          26.7581 	506.645 	320.076 	28.0739 	509.355 	528.88          28.8376 	749.966 	-0.214658 	0.0034934 	746.278 	457.037 	29.243          841.996 	405.147 	24.9282 	849.863 	255.755 	30.329          853.621 	522.605 	32.7998 	854.154 	456.926 	31.3739 	
0.186439 	0.69751 	-0.451512 	0 	0 	0 	0 	0 	0 	0.13059 	550.18          0.352238 	199.806 	-0.0611584 	0.712991 	506.521 	382.688 	26.8154 	506.756 	319.99          27.9505 	509.242 	528.844 	28.6579 	749.987 	-0.219021 	-0.0124878 	746.315 	457.055 	29.224          842.029 	405.222 	24.8571 	849.883 	255.746 	30.3161 	853.643 	522.594 	32.8008 	854.165 	456.941 	31.3623 	
0.183522 	0.709032 	-0.493734 	0 	0 	0 	0 	0 	0 	-0.092794 	550.135 	0.397584 	199.864 	-0.180568 	0.608958 	506.562 	382.7           26.8186 	506.706 	319.979 	27.9529 	509.358 	529.043 	28.4953 	749.989 	-0.218243 	-0.0200472 	746.328 	457.108 	29.1931 	842.129 	405.216 	24.8072 	849.931 	255.771 	30.3036 	853.668 	522.645 	32.8446 	854.207 	456.941 	31.3451 	
0.182097 	0.681932 	-0.488897 	0 	0 	0 	0 	0 	0 	-0.156359 	550.051 	0.453113 	199.864 	-0.165429 	0.601463 	506.56          382.745 	26.8019 	506.805 	320.006 	27.9818 	509.419 	529.08          28.5803 	749.986 	-0.217792 	-0.0304004 	746.447 	457.143 	29.1072 	842.15          405.238 	24.7925 	850.045 	255.726 	30.2033 	853.716 	522.684 	32.9343 	854.126 	456.859 	31.3532 	
0.17162 	0.67962 	-0.519602 	0 	0 	0 	0 	0 	0 	-0.159152 	550.027 	0.401917 	199.847 	-0.161978 	0.593592 	506.563 	382.728 	26.7964 	506.735 	319.968 	27.8976 	509.372 	529.046 	28.4714 	749.99          -0.229333 	-0.0382589 	746.477 	457.164 	29.078          842.155 	405.217 	24.7944 	849.979 	255.77          30.3074 	853.743 	522.672 	32.9347 	854.117 	457.105 	31.166 	
0.184653 	0.670208 	-0.492848 	0 	0 	0 	0 	0 	0 	-0.144618 	550.059 	0.431297 	199.864 	-0.168348 	0.594481 	506.559 	382.705 	26.8194 	506.748 	319.977 	27.8983 	509.269 	529.03          28.502          749.978 	-0.215372 	-0.0265176 	746.328 	457.122 	29.1884 	842.134 	405.209 	24.8105 	849.962 	255.78          30.3199 	853.732 	522.699 	32.9329 	854.07          457.087 	31.1927 	
